8.233,30,246,33
B0,puss_Hips,-1,0.9882766604423523,0.1221046894788742,-0.08695493638515472,0,-0.12459105998277664,0.9917417168617249,-0.023940907791256905,0,0.08335467427968979,0.034090735018253326,0.9956870675086975,0,-0.23654989898204803,3.530385971069336,0.17734317481517792,1
B1,puss_Spine,0,0.9860854744911194,-0.14790339767932892,-0.07517372816801071,0,0.16532202064990997,0.9138363003730774,0.3707980215549469,0,0.013845369219779968,-0.3780466914176941,0.9256631731987,0,0,0.7663469910621643,0.05852099880576134,1
B2,puss_Spine1,1,0.999847948551178,0.005374404136091471,-0.0021498254500329494,0,-0.0049742478877305984,0.9876261353492737,0.15588589012622833,0,0.002963760867714882,-0.1558777093887329,0.9877715706825256,0,0,0.8966739773750305,0,1
B3,puss_Spine2,2,0.999839186668396,0.005613246466964483,-0.005033254623413086,0,-0.004758995492011309,0.9876241087913513,0.15593214333057404,0,0.005847533233463764,-0.15589892864227295,0.987754762172699,0,0,1.0247700214385986,0,1
B4,puss_Neck,3,0.9975451231002808,0.04796759411692619,0.05046756938099861,0,-0.03944207727909088,0.9865971207618713,-0.15818601846694946,0,-0.057370927184820175,0.15579235553741455,0.9861161708831787,0,0,1.1528669595718384,0,1
B5,puss_Head,4,0.9975451231002808,0.043985191732645035,0.053972937166690826,0,-0.03944207727909088,0.9957777857780457,-0.08260554075241089,0,-0.057370927184820175,0.0802556648850441,0.9951157569885254,0,0,0.44932299852371216,-0.12227500230073929,1
B6,puss_HeadTop_End,5,1,0,0,0,0,1,0,0,0,0,1,0,0,1.8984839916229248,-0.5166400074958801,1
B7,puss_LeftShoulder,3,0.09997425228357315,0.02833324670791626,-0.9945693016052246,0,0.9729117155075073,-0.212114617228508,0.09175026416778564,0,-0.208356574177742,-0.9768314957618713,-0.04878104105591774,0,0.3702090084552765,0.9034029841423035,0.019123999401926994,1
B8,puss_LeftArm,7,0.4046606421470642,0.18157650530338287,-0.8958530426025391,0,0.4885407090187073,0.7850856184959412,0.38018226623535156,0,0.772585391998291,-0.5914092659950256,0.22934947907924652,0,0,0.8895230293273926,0,1
B9,puss_LeftForeArm,8,-0.3319402039051056,0.9402037262916565,0.07497245073318481,0,-0.9418042302131653,-0.3261015713214874,-0.08030553162097931,0,-0.0510735809803009,-0.0972660556435585,0.993945837020874,0,0,1.5244580507278442,0,1
B10,puss_LeftHand,9,0.7353844046592712,0.17607715725898743,0.6541804671287537,0,0.22522862255573273,0.8470843434333801,-0.48118171095848083,0,-0.6390156149864197,0.5011889338493347,0.5834363102912903,0,0,1.2489010095596313,0,1
B11,puss_LeftHandIndex1,10,-0.14642564952373505,-0.05032932013273239,-0.9878838062286377,0,-0.01096351072192192,0.9986696243286133,-0.04925341531634331,0,0.9891586303710938,0.003618743037804961,-0.14680665731430054,0,0,0.31888800859451294,0,1
B12,puss_LeftHandIndex2,11,0.9980984330177307,0.06158660352230072,-0.0026315313298255205,0,-0.05821014940738678,0.955700695514679,0.28852617740631104,0,0.020284155383706093,-0.2878240644931793,0.9574688076972961,0,0,0.26787400245666504,0,1
B13,puss_LeftHandIndex3,12,0.9999792575836182,0.005572543013840914,-0.0030807643197476864,0,-0.005494683515280485,0.9996782541275024,0.024747421965003014,0,0.0032173425424844027,-0.024729875847697258,0.9996887445449829,0,-0.008700000122189522,0.4375480115413666,-0.1291469931602478,1
B14,puss_LeftHandIndex4,13,1,0,0,0,0,1,0,0,0,0,1,0,-0.023473000153899193,0.23882600665092468,-0.07550200074911118,1
B15,puss_RightShoulder,3,0.12141720950603485,-0.019701417535543442,0.9924031496047974,0,-0.9014341235160828,-0.42073899507522583,0.10193514823913574,0,0.4155333936214447,-0.9069682955741882,-0.06884396821260452,0,-0.3702090084552765,0.9033920168876648,0.018976999446749687,1
B16,puss_RightArm,15,0.6596519947052002,0.22681501507759094,0.7162607312202454,0,-0.5301626324653625,0.8159956336021423,0.23003385961055756,0,-0.5323904752731323,-0.5313758254051208,0.6586886048316956,0,0,0.8895230293273926,0,1
B17,puss_RightForeArm,16,-0.7175524830818176,-0.6948210000991821,-0.047058477997779846,0,0.6963651776313782,-0.7150739431381226,-0.06012606993317604,0,0.008137911558151245,-0.07591357082128525,0.9970800876617432,0,0,1.5236810445785522,0,1
B18,puss_RightHand,17,0.6701794862747192,0.40965956449508667,-0.6188592314720154,0,-0.5195324420928955,0.8543902039527893,0.002874453319236636,0,0.5299220681190491,0.31956005096435547,0.7854647040367126,0,0,1.2428539991378784,0,1
B19,puss_RightHandIndex1,18,-0.26615118980407715,-0.2580220699310303,0.9287548065185547,0,-0.058582596480846405,0.966056227684021,0.25159668922424316,0,-0.9621495604515076,0.012553188018500805,-0.27223387360572815,0,0,0.418518990278244,0,1
B20,puss_RightHandIndex2,19,0.987056314945221,-0.1594586968421936,0.01706712692975998,0,0.12927673757076263,0.8541421294212341,0.5037140846252441,0,-0.09489984810352325,-0.4949880540370941,0.8637012243270874,0,0,0.27494001388549805,0,1
B21,puss_RightHandIndex3,20,0.9879732131958008,-0.13186031579971313,0.08074963092803955,0,0.13151654601097107,0.9912670254707336,0.00958453118801117,0,-0.08130788058042526,0.0011505013098940253,0.9966880083084106,0,0.022652000188827515,0.32494598627090454,-0.19463799893856049,1
B22,puss_RightHandIndex4,21,1,0,0,0,0,1,0,0,0,0,1,0,0.030835000798106194,0.20852600038051605,-0.13027000427246094,1
B23,puss_LeftUpLeg,0,-0.8961683511734009,-0.17686359584331512,0.40617427229881287,0,0.4358000159263611,-0.19811013340950012,0.8773220777511597,0,-0.07464290410280228,0.9632793068885803,0.2545150816440582,0,1.0353569984436035,-0.42574799060821533,0.1597750037908554,1
B24,puss_LeftLeg,23,0.9982572197914124,0.025215882807970047,-0.053112778812646866,0,-0.02806442603468895,-0.5904040932655334,-0.8065054416656494,0,-0.051711324602365494,0.8065873384475708,-0.5886725187301636,0,0,1.9974199533462524,0,1
B25,puss_LeftFoot,24,0.9789877533912659,-0.20239876210689545,0.024758990854024887,0,-0.01608680747449398,0.04436304047703743,0.9988846778869629,0,-0.20327067375183105,-0.9782944321632385,0.04017604514956474,0,0,2.7068159580230713,0,1
B26,puss_LeftToeBase,25,0.9661391973495483,-0.06797190755605698,0.24887187778949738,0,-0.14766362309455872,0.6453760266304016,0.7493501901626587,0,-0.21158607304096222,-0.7607234120368958,0.6134887933731079,0,0,1.4843109846115112,0,1
B27,puss_LeftToe_End,26,1,0,0,0,0,1,0,0,0,0,1,0,0,0.5643370151519775,0,1
B28,puss_RightUpLeg,0,-0.8497650623321533,0.5186730027198792,0.0892724096775055,0,-0.018554560840129852,-0.19930198788642883,0.9797497391700745,0,0.5259578227996826,0.8309170603752136,0.17893727123737335,0,-1.0353569984436035,-0.42574799060821533,0.19483399391174316,1
B29,puss_RightLeg,28,0.990000307559967,-0.13707475364208221,0.033228304237127304,0,-0.08158551901578903,-0.7487984299659729,-0.6577092409133911,0,0.11504247039556503,0.6484200358390808,-0.7524953484535217,0,0,1.9981110095977783,0,1
B30,puss_RightFoot,29,0.7614805102348328,0.6476790904998779,-0.023348137736320496,0,-0.13797354698181152,0.19720543920993805,0.9705705046653748,0,0.6332723498344421,-0.7359097599983215,0.23949208855628967,0,0,2.706963062286377,0,1
B31,puss_RightToeBase,30,0.960407018661499,0.1238737478852272,-0.24950850009918213,0,0.15433529019355774,0.5091226100921631,0.8466875553131104,0,0.23193423449993134,-0.8516702055931091,0.46985140442848206,0,0,1.4538400173187256,0,1
B32,puss_RightToe_End,31,1,0,0,0,0,1,0,0,0,0,1,0,0,0.5455930233001709,0,1
@28,0,1,2,3,4,5,7,8,9,10,11,12,13,15,16,17,18,19,20,21,23,24,25,26,28,29,30,31
K0.000,0.9739789962768555,0.053341999650001526,0.2202710062265396,0,-0.019336000084877014,0.9879220128059387,-0.1537410020828247,0,-0.22581100463867188,0.14548200368881226,0.9632470011711121,0,0.05444899946451187,5.380436897277832,-0.16720899939537048,1,0.997452974319458,-0.06319600343704224,-0.03307899832725525,0,0.06511799991130829,0.9960309863090515,0.06068599969148636,0,0.029113000258803368,-0.0626859962940216,0.99760901927948,0,0,0.7663469910621643,0.05852099880576134,1,0.9998570084571838,-0.01670599915087223,-0.002724000019952655,0,0.016925999894738197,0.9882550239562988,0.15187300741672516,0,0.00015500000154133886,-0.15189699828624725,0.9883959889411926,0,0,0.8966739773750305,0,1,0.9998589754104614,-0.016326000913977623,-0.0038419999182224274,0,0.016720000654459,0.9882519841194153,0.15191900730133057,0,0.0013170000165700912,-0.15196199715137482,0.988385021686554,0,0,1.0247700214385986,0,1,0.9995250105857849,0.006167999934405088,-0.030198000371456146,0,-0.00930699985474348,0.9944379925727844,-0.10491299629211426,0,0.02938299998641014,0.10514400154352188,0.9940230250358582,0,0,1.1528669595718384,0,1,0.9995250105857849,0.008449999615550041,-0.02964100055396557,0,-0.00930699985474348,0.9995390176773071,-0.02889000065624714,0,0.02938299998641014,0.029152000322937965,0.9991430044174194,0,0,0.44932299852371216,-0.12227500230073929,1,0.10957899689674377,0.030734000727534294,-0.9935029745101929,0,0.9720479846000671,-0.21211500465869904,0.10065100342035294,0,-0.20764300227165222,-0.976760983467102,-0.05311800166964531,0,0.3702090084552765,0.9034029841423035,0.019123999401926994,1,0.2809779942035675,0.2473980039358139,-0.927278995513916,0,0.556443989276886,0.7452250123023987,0.3674359917640686,0,0.7819340229034424,-0.6192200183868408,0.07172899693250656,0,0,0.8895230293273926,0,1,-0.31045299768447876,0.9474809765815735,0.0768050029873848,0,-0.9490929841995239,-0.30442100763320923,-0.08092699944972992,0,-0.05329599976539612,-0.09801899641752243,0.9937559962272644,0,0,1.5244580507278442,0,1,0.982574999332428,0.14737899601459503,-0.11324899643659592,0,-0.18032099306583405,0.608165979385376,-0.7730579972267151,0,-0.0450580008327961,0.7800089716911316,0.6241440176963806,0,0,1.2489010095596313,0,1,-0.146588996052742,-0.03386000171303749,-0.988618016242981,0,-0.007375999819487333,0.9994239807128906,-0.0331370010972023,0,0.9891700148582458,0.0024339999072253704,-0.14675399661064148,0,0,0.31888800859451294,0,1,0.9745200276374817,0.22429899871349335,-0.0009360000258311629,0,-0.21371500194072723,0.9297860264778137,0.29970699548721313,0,0.06809400022029877,-0.29187101125717163,0.9540309906005859,0,0,0.26787400245666504,0,1,0.9854429960250854,0.1628900021314621,-0.048680998384952545,0,-0.16102999448776245,0.9861400127410889,0.03997499868273735,0,0.054517000913619995,-0.031553998589515686,0.998013973236084,0,-0.008700000122189522,0.4375480115413666,-0.1291469931602478,1,0.13698799908161163,-0.019941000267863274,0.9903720021247864,0,-0.891165018081665,-0.43901199102401733,0.11442700028419495,0,0.43250301480293274,-0.8982599973678589,-0.07791099697351456,0,-0.3702090084552765,0.9033920168876648,0.018976999446749687,1,0.3682970106601715,0.3372940123081207,0.8663660287857056,0,-0.792701005935669,0.6008359789848328,0.10306400060653687,0,-0.4857810139656067,-0.7247269749641418,0.48865899443626404,0,0,0.8895230293273926,0,1,-0.5726050138473511,-0.8176640272140503,-0.05957400053739548,0,0.8194810152053833,-0.5687220096588135,-0.07075700163841248,0,0.02397499978542328,-0.08933500200510025,0.9957129955291748,0,0,1.5236810445785522,0,1,0.9446110129356384,0.0987439975142479,0.31298500299453735,0,-0.06523799896240234,0.9911280274391174,-0.11579900234937668,0,-0.32164299488067627,0.08896700292825699,0.9426720142364502,0,0,1.2428539991378784,0,1,-0.27368199825286865,-0.037289999425411224,0.961097002029419,0,-0.008466999977827072,0.9993029832839966,0.036361001431941986,0,-0.9617829918861389,0.0018139999592676759,-0.27380698919296265,0,0,0.418518990278244,0,1,0.998691976070404,-0.04839000105857849,0.01650100015103817,0,0.03329300135374069,0.8604869842529297,0.5083839893341064,0,-0.03880000114440918,-0.5071700215339661,0.860971987247467,0,0,0.27494001388549805,0,1,0.9990530014038086,-0.036681998521089554,0.023406000807881355,0,0.036407001316547394,0.9992640018463135,0.0120430001989007,0,-0.023831000551581383,-0.011180000379681587,0.9996529817581177,0,0.022652000188827515,0.32494598627090454,-0.19463799893856049,1,-0.9985330104827881,-0.04362500086426735,0.03208199888467789,0,0.049508001655340195,-0.9754739999771118,0.21447600424289703,0,0.02193799987435341,0.21574999392032623,0.9762020111083984,0,1.0353569984436035,-0.42574799060821533,0.1597750037908554,1,0.9873480200767517,0.15236200392246246,0.04393000155687332,0,-0.05832299962639809,0.6065620183944702,-0.7928940057754517,0,-0.14745299518108368,0.7803000211715698,0.607774019241333,0,0,1.9974199533462524,0,1,0.9323480129241943,-0.3392750024795532,0.12497500330209732,0,-0.07346399873495102,0.16068099439144135,0.9842690229415894,0,-0.3540189862251282,-0.9268630146980286,0.12488599866628647,0,0,2.7068159580230713,0,1,0.9699190258979797,0,0.2434300035238266,0,-0.15014700591564178,0.7871189713478088,0.5982469916343689,0,-0.1916089951992035,-0.6168010234832764,0.7634410262107849,0,0,1.4843109846115112,0,1,-0.9832040071487427,0.17292599380016327,-0.05835999920964241,0,-0.18250800669193268,-0.9321399927139282,0.3127399981021881,0,-0.00031800000579096377,0.318138986825943,0.9480440020561218,0,-1.0353569984436035,-0.42574799060821533,0.19483399391174316,1,0.9909890294075012,-0.12449800223112106,0.04941000044345856,0,0.10811399668455124,0.5257120132446289,-0.8437640070915222,0,0.0790719985961914,0.8415030241012573,0.534434974193573,0,0,1.9981110095977783,0,1,0.9514780044555664,0.3075000047683716,-0.01154400035738945,0,-0.03534099832177162,0.146465003490448,0.9885839819908142,0,0.3056800067424774,-0.9402080178260803,0.15022499859333038,0,0,2.706963062286377,0,1,0.9688060283660889,0.003189000068232417,-0.24779999256134033,0,0.1554809957742691,0.77081698179245,0.617792010307312,0,0.19297799468040466,-0.6370480060577393,0.7462769746780396,0,0,1.4538400173187256,0,1
K0.033,0.9751260280609131,0.03933286666870117,0.2181330770254135,0,0.002620263025164604,0.9820148944854736,-0.1887824833393097,0,-0.22163502871990204,0.18465852737426758,0.9574858546257019,0,0.06450320035219193,5.304406642913818,-0.19207631051540375,1,0.9976170063018799,-0.055732984095811844,-0.0406620167195797,0,0.059508007019758224,0.9933589696884155,0.09846954047679901,0,0.034903984516859055,-0.10065454244613647,0.9943089485168457,0,0,0.7663469910621643,0.05852099880576134,1,0.9999729990959167,-0.006334882229566574,-0.0037999977357685566,0,0.0068678841926157475,0.9866629838943481,0.16263313591480255,0,0.002719017444178462,-0.16265413165092468,0.9866790175437927,0,0,0.8966739773750305,0,1,0.9999709725379944,-0.00582088204100728,-0.004922000225633383,0,0.006543884519487619,0.9866660237312317,0.16262713074684143,0,0.0039100199937820435,-0.16265413165092468,0.9866750240325928,0,0,1.0247700214385986,0,1,0.9995759725570679,0.0027180355973541737,-0.02898297645151615,0,-0.0060990359634160995,0.9930899739265442,-0.1171991303563118,0,0.028463970869779587,0.11732612550258636,0.9926850199699402,0,0,1.1528669595718384,0,1,0.9995759725570679,0.0049170334823429585,-0.0286919716745615,0,-0.0060990359634160995,0.9991310238838196,-0.04124213010072708,0,0.028463970869779587,0.041400130838155746,0.9987369775772095,0,0,0.44932299852371216,-0.12227500230073929,1,0.1041969582438469,0.029723994433879852,-0.9941120147705078,0,0.9715949892997742,-0.2165839672088623,0.09536095708608627,0,-0.21247397363185883,-0.9758110046386719,-0.051446981728076935,0,0.3702090084552765,0.9034029841423035,0.019123999401926994,1,0.29664820432662964,0.25314807891845703,-0.9208239316940308,0,0.5178105235099792,0.7675422430038452,0.3778241276741028,0,0.8024162650108337,-0.5888926386833191,0.09660732001066208,0,0,0.8895230293273926,0,1,-0.31020694971084595,0.9475600123405457,0.07682600617408752,0,-0.9491729736328125,-0.30417293310165405,-0.08093400299549103,0,-0.05332100763916969,-0.09802799671888351,0.9937540292739868,0,0,1.5244580507278442,0,1,0.9754818677902222,0.16340228915214539,-0.14743030071258545,0,-0.2169893980026245,0.6021908521652222,-0.7682979106903076,0,-0.03676104545593262,0.7814509868621826,0.6228820085525513,0,0,1.2489010095596313,0,1,-0.1465959995985031,-0.032839998602867126,-0.9886509776115417,0,-0.007153999991714954,0.9994580149650574,-0.032138001173734665,0,0.989171028137207,0.0023610000498592854,-0.1467519998550415,0,0,0.31888800859451294,0,1,0.9744330048561096,0.22467699646949768,-0.0009289999725297093,0,-0.2140749990940094,0.9296939969062805,0.2997330129146576,0,0.06820700317621231,-0.29187101125717163,0.954023003578186,0,0,0.26787400245666504,0,1,0.9853770136833191,0.16325700283050537,-0.048785001039505005,0,-0.1613920032978058,0.9860789775848389,0.04001900181174278,0,0.054639000445604324,-0.031560998409986496,0.9980069994926453,0,-0.008700000122189522,0.4375480115413666,-0.1291469931602478,1,0.14346103370189667,-0.01986299827694893,0.9894570112228394,0,-0.8876239657402039,-0.44472306966781616,0.11976902931928635,0,0.4376550614833832,-0.8954480290412903,-0.08143202215433121,0,-0.3702090084552765,0.9033920168876648,0.018976999446749687,1,0.330769807100296,0.42298489809036255,0.8436076045036316,0,-0.8425554037094116,0.5350183248519897,0.06209886446595192,0,-0.42507922649383545,-0.7313268780708313,0.5333566665649414,0,0,0.8895230293273926,0,1,-0.6444185376167297,-0.7628075480461121,-0.053372956812381744,0,0.7645025253295898,-0.6412315368652344,-0.06600995361804962,0,0.016127942129969597,-0.08334194868803024,0.9963899850845337,0,0,1.5236810445785522,0,1,0.9430218935012817,0.10315606743097305,0.3163362741470337,0,-0.08387233316898346,0.99372398853302,-0.07402025163173676,0,-0.32198619842529297,0.043270159512758255,0.9457549452781677,0,0,1.2428539991378784,0,1,-0.2736450135707855,-0.041424188762903214,0.9609379768371582,0,-0.00940504390746355,0.9991400241851807,0.04039318487048149,0,-0.9617850184440613,0.002016009297221899,-0.27379900217056274,0,0,0.418518990278244,0,1,0.9985899925231934,-0.050454095005989075,0.016505999490618706,0,0.03507308289408684,0.8604670166969299,0.5082979798316956,0,-0.03984904661774635,-0.5070019960403442,0.8610230088233948,0,0,0.27494001388549805,0,1,0.9989609718322754,-0.03845508024096489,0.024466048926115036,0,0.038171082735061646,0.9991999864578247,0.011947995983064175,0,-0.02490605041384697,-0.01100099179893732,0.999629020690918,0,0.022652000188827515,0.32494598627090454,-0.19463799893856049,1,-0.9966679215431213,-0.06384722888469696,0.05075540393590927,0,0.0735643059015274,-0.9724209904670715,0.22132782638072968,0,0.03522435948252678,0.22432386875152588,0.973878026008606,0,1.0353569984436035,-0.42574799060821533,0.1597750037908554,1,0.985351026058197,0.1677311360836029,0.03081079013645649,0,-0.06626615673303604,0.5430514812469482,-0.8370802998542786,0,-0.15713603794574738,0.8227763175964355,0.5462115406990051,0,0,1.9974199533462524,0,1,0.9348690509796143,-0.34386298060417175,0.08818860352039337,0,-0.045902688056230545,0.12924572825431824,0.9905500411987305,0,-0.35201093554496765,-0.9300830364227295,0.10504386574029922,0,0,2.7068159580230713,0,1,0.9699190258979797,0,0.2434300035238266,0,-0.15014700591564178,0.7871189713478088,0.5982480049133301,0,-0.1916089951992035,-0.6168019771575928,0.7634410262107849,0,0,1.4843109846115112,0,1,-0.986720085144043,0.1543007493019104,-0.05075101554393768,0,-0.16242776811122894,-0.9397071003913879,0.3009447455406189,0,-0.0012551292311400175,0.3051917254924774,0.9522900581359863,0,-1.0353569984436035,-0.42574799060821533,0.19483399391174316,1,0.9889539480209351,-0.1364671289920807,0.05784626677632332,0,0.11777026951313019,0.48650169372558594,-0.865705132484436,0,0.0899980217218399,0.8629550933837891,0.49719977378845215,0,0,1.9981110095977783,0,1,0.9483609199523926,0.3170931041240692,-0.007967987097799778,0,-0.03521000221371651,0.13020393252372742,0.9908620119094849,0,0.3152330815792084,-0.9394140243530273,0.13464494049549103,0,0,2.706963062286377,0,1,0.968783974647522,0.003638025838881731,-0.2478799968957901,0,0.15545299649238586,0.7699719667434692,0.6188520789146423,0,0.19311201572418213,-0.6380680799484253,0.7453709244728088,0,0,1.4538400173187256,0,1
K0.067,0.9740030169487,0.025799134746193886,0.2250589281320572,0,0.028922738507390022,0.9712001085281372,-0.23650452494621277,0,-0.22467896342277527,0.23686547577381134,0.9452061057090759,0,0.08481179922819138,5.23798131942749,-0.22335368394851685,1,0.9976329803466797,-0.05434301495552063,-0.04213498532772064,0,0.060187991708517075,0.9864130616188049,0.15286046266555786,0,0.03325601667165756,-0.15503446757793427,0.9873490333557129,0,0,0.7663469910621643,0.05852099880576134,1,0.9999790191650391,0.005419882945716381,-0.0035630022175610065,0,-0.004708884749561548,0.984391987323761,0.1759248673915863,0,0.004460982978343964,-0.17590387165546417,0.9843969941139221,0,0,0.8966739773750305,0,1,0.999970018863678,0.005933883134275675,-0.0049230000004172325,0,-0.00497588561847806,0.9843990206718445,0.17587986588478088,0,0.005889980588108301,-0.17584986984729767,0.9843990206718445,0,0,1.0247700214385986,0,1,0.999629020690918,0.006287964526563883,-0.026514023542404175,0,-0.009685964323580265,0.9914609789848328,-0.13004586100578308,0,0.025470029562711716,0.130254864692688,0.9911530017852783,0,0,1.1528669595718384,0,1,0.999629020690918,0.008288966491818428,-0.025958027690649033,0,-0.009685964323580265,0.9984840154647827,-0.05417687073349953,0,0.025470029562711716,0.05440786853432655,0.9981939792633057,0,0,0.44932299852371216,-0.12227500230073929,1,0.09943904727697372,0.029095005244016647,-0.9946179986000061,0,0.9726510047912598,-0.2137090265750885,0.09099104255437851,0,-0.2099110335111618,-0.9764639735221863,-0.04955001920461655,0,0.3702090084552765,0.9034029841423035,0.019123999401926994,1,0.3166777789592743,0.2608059048652649,-0.9119730591773987,0,0.46874648332595825,0.7928217649459839,0.38949987292289734,0,0.8246167898178101,-0.5508303642272949,0.12881669402122498,0,0,0.8895230293273926,0,1,-0.30423104763031006,0.9494540095329285,0.07733599096536636,0,-0.9510700106620789,-0.29814305901527405,-0.08109600096940994,0,-0.05393999069929123,-0.09822399914264679,0.9937009811401367,0,0,1.5244580507278442,0,1,0.9654000997543335,0.19121971726417542,-0.1773056983947754,0,-0.2574895918369293,0.5914611220359802,-0.764115035533905,0,-0.04124395549297333,0.7833319902420044,0.6202340126037598,0,0,1.2489010095596313,0,1,-0.1465959995985031,-0.03282599896192551,-0.9886519908905029,0,-0.007151000201702118,0.9994580149650574,-0.03212499991059303,0,0.989171028137207,0.002360000042244792,-0.1467519998550415,0,0,0.31888800859451294,0,1,0.9744390249252319,0.22464999556541443,-0.0009299999801442027,0,-0.21404999494552612,0.9297009706497192,0.29973098635673523,0,0.06819900125265121,-0.29187101125717163,0.954023003578186,0,0,0.26787400245666504,0,1,0.985381007194519,0.1632310003042221,-0.04877699911594391,0,-0.1613669991493225,0.9860829710960388,0.04001599922776222,0,0.05463000014424324,-0.03156000003218651,0.9980080127716064,0,-0.008700000122189522,0.4375480115413666,-0.1291469931602478,1,0.1471409648656845,-0.019757002592086792,0.9889180064201355,0,-0.8843510746955872,-0.4504409432411194,0.12258297204971313,0,0.44302693009376526,-0.8925880193710327,-0.08375097811222076,0,-0.3702090084552765,0.9033920168876648,0.018976999446749687,1,0.313921183347702,0.510870099067688,0.8002904057502747,0,-0.8831655979156494,0.46653467416763306,0.04861513525247574,0,-0.34852778911590576,-0.7220511436462402,0.5976383686065674,0,0,0.8895230293273926,0,1,-0.6970004439353943,-0.7154054641723633,-0.04883304610848427,0,0.7169954776763916,-0.6943234801292419,-0.061908040195703506,0,0.010384056717157364,-0.07816305011510849,0.9968870282173157,0,0,1.5236810445785522,0,1,0.9324971437454224,0.10977693647146225,0.3440907299518585,0,-0.11713866889476776,0.9931150078773499,0.0006092582480050623,0,-0.34165477752685547,-0.040874164551496506,0.9389360547065735,0,0,1.2428539991378784,0,1,-0.2734239995479584,-0.06050680950284004,0.9599890112876892,0,-0.013737956993281841,0.9981629848480225,0.058999814093112946,0,-0.9617949724197388,0.002942990744486451,-0.27375298738479614,0,0,0.418518990278244,0,1,0.998062014579773,-0.05998390540480614,0.01653200015425682,0,0.04329291731119156,0.8603289723396301,0.5078979730606079,0,-0.04468895122408867,-0.506197988986969,0.8612589836120605,0,0,0.27494001388549805,0,1,0.9984800219535828,-0.046634916216135025,0.029357951134443283,0,0.04631291702389717,0.9988600015640259,0.01153300330042839,0,-0.02986295148730278,-0.010155008174479008,0.9995020031929016,0,0.022652000188827515,0.32494598627090454,-0.19463799893856049,1,-0.992059051990509,-0.08692076802253723,0.09090259671211243,0,0.10390870273113251,-0.9736469984054565,0.20301218330860138,0,0.07086063921451569,0.21084614098072052,0.974947988986969,0,1.0353569984436035,-0.42574799060821533,0.1597750037908554,1,0.9833829998970032,0.18128086626529694,0.009758209809660912,0,-0.08199883997440338,0.49148550629615784,-0.8670166730880737,0,-0.16196995973587036,0.8518096804618835,0.4981834888458252,0,0,1.9974199533462524,0,1,0.9385119676589966,-0.3417440354824066,0.049046386033296585,0,-0.014559310860931873,0.10275926440954208,0.9945999383926392,0,-0.34493905305862427,-0.9341579675674438,0.09146513044834137,0,0,2.7068159580230713,0,1,0.9699190258979797,0,0.2434300035238266,0,-0.15014700591564178,0.78711998462677,0.5982459783554077,0,-0.1916079968214035,-0.6168000102043152,0.7634419798851013,0,0,1.4843109846115112,0,1,-0.9902039170265198,0.12954124808311462,-0.05211498588323593,0,-0.13891123235225677,-0.9517748951911926,0.27354827523231506,0,-0.014165871776640415,0.27810826897621155,0.9604449272155762,0,-1.0353569984436035,-0.42574799060821533,0.19483399391174316,1,0.9851910471916199,-0.14913788437843323,0.08460073173046112,0,0.1445777267217636,0.45729729533195496,-0.8774828910827637,0,0.09217897802591324,0.8767198920249939,0.47208723425865173,0,0,1.9981110095977783,0,1,0.9448410868644714,0.327460914850235,-0.006684012711048126,0,-0.03567799553275108,0.12318906933069229,0.9917420148849487,0,0.3255799114704132,-0.9368000030517578,0.12807705998420715,0,0,2.706963062286377,0,1,0.9686560034751892,0.006227974314242601,-0.24832899868488312,0,0.15529300272464752,0.7650720477104187,0.62493896484375,0,0.19388198852539062,-0.6439139246940613,0.7401240468025208,0,0,1.4538400173187256,0,1
K0.100,0.9680230021476746,0.01511200051754713,0.25040701031684875,0,0.06007299944758415,0.9551770091056824,-0.28987500071525574,0,-0.24356399476528168,0.2956480085849762,0.9237260222434998,0,0.1170630007982254,5.1806721687316895,-0.2624390125274658,1,0.9970719814300537,-0.06414700299501419,-0.04161300137639046,0,0.07192999869585037,0.9714869856834412,0.2259179949760437,0,0.025933999568223953,-0.22824999690055847,0.9732570052146912,0,0,0.7663469910621643,0.05852099880576134,1,0.999779999256134,0.02089099958539009,-0.001933000166900456,0,-0.020130999386310577,0.9811999797821045,0.19194099307060242,0,0.005907000042498112,-0.19186000525951385,0.9814050197601318,0,0,0.8966739773750305,0,1,0.9997659921646118,0.021273000165820122,-0.004027999937534332,0,-0.02010500058531761,0.9812099933624268,0.19189299643039703,0,0.008035000413656235,-0.19176700711250305,0.9814079999923706,0,0,1.0247700214385986,0,1,0.9995589852333069,0.013133999891579151,-0.02662700042128563,0,-0.01688399910926819,0.9891530275344849,-0.14591699838638306,0,0.024421000853180885,0.1463019996881485,0.9889389872550964,0,0,1.1528669595718384,0,1,0.9995589852333069,0.015123000368475914,-0.02554900012910366,0,-0.01688399910926819,0.9973919987678528,-0.07017699629068375,0,0.024421000853180885,0.07057700306177139,0.99720698595047,0,0,0.44932299852371216,-0.12227500230073929,1,0.10017800331115723,0.029270000755786896,-0.9945390224456787,0,0.9747340083122253,-0.20345300436019897,0.09219499677419662,0,-0.19964399933815002,-0.978646993637085,-0.04891199991106987,0,0.3702090084552765,0.9034029841423035,0.019123999401926994,1,0.341172993183136,0.2739329934120178,-0.8992000222206116,0,0.4086180031299591,0.8182669878005981,0.4043149948120117,0,0.8465409874916077,-0.5053709745407104,0.16723699867725372,0,0,0.8895230293273926,0,1,-0.2900739908218384,0.9537760019302368,0.07854299992322922,0,-0.9553989768028259,-0.2838590145111084,-0.08146499842405319,0,-0.055403999984264374,-0.09866999834775925,0.9935770034790039,0,0,1.5244580507278442,0,1,0.9595019817352295,0.22814300656318665,-0.16524800658226013,0,-0.26990699768066406,0.5765720009803772,-0.7711780071258545,0,-0.08066099882125854,0.7845479846000671,0.6147990226745605,0,0,1.2489010095596313,0,1,-0.14656800031661987,-0.03654100000858307,-0.9885249733924866,0,-0.007960000075399876,0.9993289709091187,-0.035760000348091125,0,0.9891690015792847,0.002626999979838729,-0.1467610001564026,0,0,0.31888800859451294,0,1,0.9748550057411194,0.22283799946308136,-0.0009599999757483602,0,-0.21232099831104279,0.9301369786262512,0.2996070086956024,0,0.0676570013165474,-0.29186999797821045,0.9540619850158691,0,0,0.26787400245666504,0,1,0.985696017742157,0.1614679992198944,-0.048277001827955246,0,-0.15963000059127808,0.986374020576477,0.03980400040745735,0,0.05404600128531456,-0.03152899816632271,0.9980409741401672,0,-0.008700000122189522,0.4375480115413666,-0.1291469931602478,1,0.1476210057735443,-0.0196749996393919,0.9888479709625244,0,-0.8811780214309692,-0.4566490054130554,0.12246199697256088,0,0.44914698600769043,-0.889428973197937,-0.08474799990653992,0,-0.3702090084552765,0.9033920168876648,0.018976999446749687,1,0.3771030008792877,0.5780310034751892,0.7236530184745789,0,-0.8885949850082397,0.4461039900779724,0.10672300308942795,0,-0.2611350119113922,-0.6832799911499023,0.681863009929657,0,0,0.8895230293273926,0,1,-0.7111700177192688,-0.7014070153236389,-0.04760900139808655,0,0.7029650211334229,-0.7086300253868103,-0.06069599837064743,0,0.008834999985992908,-0.07663299888372421,0.9970200061798096,0,0,1.5236810445785522,0,1,0.9118509888648987,0.10282699763774872,0.3974350094795227,0,-0.14853599667549133,0.985168993473053,0.08590399473905563,0,-0.38270801305770874,-0.13736499845981598,0.9136000275611877,0,0,1.2428539991378784,0,1,-0.2715809941291809,-0.1407260000705719,0.952072024345398,0,-0.031950999051332474,0.990024983882904,0.13722099363803864,0,-0.9618849754333496,0.00684700021520257,-0.2733680009841919,0,0,0.418518990278244,0,1,0.9948329925537109,-0.10013899952173233,0.01668900065124035,0,0.0779620036482811,0.858879029750824,0.50621098279953,0,-0.06502600014209747,-0.5022940039634705,0.8622480034828186,0,0,0.27494001388549805,0,1,0.9954519867897034,-0.08107300102710724,0.05003200098872185,0,0.08066099882125854,0.9966890215873718,0.010219000279903412,0,-0.05069499835371971,-0.006136999931186438,0.9986950159072876,0,0.022652000188827515,0.32494598627090454,-0.19463799893856049,1,-0.9848639965057373,-0.11236000061035156,0.131974995136261,0,0.13333599269390106,-0.9776250123977661,0.16270099580287933,0,0.11074099689722061,0.17783500254154205,0.9778090119361877,0,1.0353569984436035,-0.42574799060821533,0.1597750037908554,1,0.9825909733772278,0.18557099997997284,-0.008863999508321285,0,-0.0935330018401146,0.4529010057449341,-0.8866410255432129,0,-0.16052000224590302,0.8720340132713318,0.4623740017414093,0,0,1.9974199533462524,0,1,0.9397730231285095,-0.3404789865016937,0.03001300059258938,0,-0.0023980005644261837,0.08123700320720673,0.9966920018196106,0,-0.3417910039424896,-0.936735987663269,0.07552800327539444,0,0,2.7068159580230713,0,1,0.9699190258979797,0,0.2434300035238266,0,-0.15014700591564178,0.7871189713478088,0.5982469916343689,0,-0.1916089951992035,-0.6168010234832764,0.7634410262107849,0,0,1.4843109846115112,0,1,-0.990962028503418,0.11977899819612503,-0.060398999601602554,0,-0.1312599927186966,-0.9586820006370544,0.25238901376724243,0,-0.02767300046980381,0.2580359876155853,0.9657390117645264,0,-1.0353569984436035,-0.42574799060821533,0.19483399391174316,1,0.9851080179214478,-0.13110600411891937,0.11123800277709961,0,0.15763400495052338,0.43031901121139526,-0.8888069987297058,0,0.06865999847650528,0.8931049704551697,0.44457700848579407,0,0,1.9981110095977783,0,1,0.9479489922523499,0.3183189928531647,-0.008042999543249607,0,-0.03444400057196617,0.12761899828910828,0.991225004196167,0,0.316552996635437,-0.9393540024757385,0.13194000720977783,0,0,2.706963062286377,0,1,0.9683830142021179,0.011624000035226345,-0.24919599294662476,0,0.15498100221157074,0.7547320127487183,0.6374639868736267,0,0.19548699259757996,-0.6559299826622009,0.7290679812431335,0,0,1.4538400173187256,0,1
K0.133,0.9558378458023071,0.010847004130482674,0.29369351267814636,0,0.09086524695158005,0.9394499659538269,-0.3304211497306824,0,-0.27949443459510803,0.3425162136554718,0.8969757556915283,0,0.15895144641399384,5.137355327606201,-0.30742940306663513,1,0.9957129955291748,-0.08164017647504807,-0.04347201809287071,0,0.09080518782138824,0.952224850654602,0.29158642888069153,0,0.017589915543794632,-0.2942834198474884,0.9555558562278748,0,0,0.7663469910621643,0.05852099880576134,1,0.999297022819519,0.03749813884496689,0.0005000262171961367,0,-0.036790136247873306,0.9776599407196045,0.20694810152053833,0,0.007271008566021919,-0.20682109892368317,0.9783520102500916,0,0,0.8966739773750305,0,1,0.9992849826812744,0.03771013393998146,-0.0026339832693338394,0,-0.036349132657051086,0.9776739478111267,0.2069590985774994,0,0.01037901733070612,-0.20671510696411133,0.9783459901809692,0,0,1.0247700214385986,0,1,0.9994019865989685,0.016066983342170715,-0.03062005527317524,0,-0.02081799879670143,0.986607015132904,-0.16178113222122192,0,0.02761005610227585,0.16232213377952576,0.9863520264625549,0,0,1.1528669595718384,0,1,0.9994019865989685,0.01835198886692524,-0.029307058081030846,0,-0.02081799879670143,0.9960610270500183,-0.0861891359090805,0,0.02761005610227585,0.08674713224172592,0.9958480000495911,0,0,0.44932299852371216,-0.12227500230073929,1,0.10794111341238022,0.030416017398238182,-0.9936919808387756,0,0.9761239886283875,-0.19275492429733276,0.10013311356306076,0,-0.18849390745162964,-0.980774998664856,-0.05049603059887886,0,0.3702090084552765,0.9034029841423035,0.019123999401926994,1,0.3609551191329956,0.2938421964645386,-0.885080873966217,0,0.35133254528045654,0.83629310131073,0.42092618346214294,0,0.8638731241226196,-0.46289366483688354,0.19862820208072662,0,0,0.8895230293273926,0,1,-0.27010872960090637,0.9594800472259521,0.08024502545595169,0,-0.9611130356788635,-0.2637147307395935,-0.08195200562477112,0,-0.05747002735733986,-0.09926100820302963,0.9934009909629822,0,0,1.5244580507278442,0,1,0.9574589133262634,0.2645643353462219,-0.11523343622684479,0,-0.2504257261753082,0.563353955745697,-0.7873501181602478,0,-0.14338763058185577,0.782711923122406,0.6056408882141113,0,0,1.2489010095596313,0,1,-0.14649300277233124,-0.04504811391234398,-0.9881849884986877,0,-0.00981302559375763,0.9989799857139587,-0.044086117297410965,0,0.9891629815101624,0.00323900836519897,-0.14678500592708588,0,0,0.31888800859451294,0,1,0.9757940173149109,0.2186889350414276,-0.0010270009515807033,0,-0.20836293697357178,0.9311239719390869,0.2993220090866089,0,0.0664149820804596,-0.29186299443244934,0.95415198802948,0,0,0.26787400245666504,0,1,0.9864050149917603,0.15743094682693481,-0.04713098332285881,0,-0.15565194189548492,0.9870290160179138,0.039323993027210236,0,0.05271098017692566,-0.03145299851894379,0.9981139898300171,0,-0.008700000122189522,0.4375480115413666,-0.1291469931602478,1,0.1464339792728424,-0.019708001986145973,0.9890239834785461,0,-0.8797529935836792,-0.4597519636154175,0.1210939884185791,0,0.4523189663887024,-0.8878290057182312,-0.08466098457574844,0,-0.3702090084552765,0.9033920168876648,0.018976999446749687,1,0.5111546516418457,0.604099690914154,0.6113784313201904,0,-0.8411159515380859,0.49788206815719604,0.21127603948116302,0,-0.176762193441391,-0.6222352981567383,0.7626126408576965,0,0,0.8895230293273926,0,1,-0.7081539630889893,-0.7044330835342407,-0.047870002686977386,0,0.7059990763664246,-0.7055849432945251,-0.060958005487918854,0,0.00916400458663702,-0.07696400582790375,0.9969919919967651,0,0,1.5236810445785522,0,1,0.8926267623901367,0.051353082060813904,0.4478614330291748,0,-0.11945904791355133,0.9849190711975098,0.12515798211097717,0,-0.4346795976161957,-0.16522054374217987,0.8852997422218323,0,0,1.2428539991378784,0,1,-0.26725995540618896,-0.23899266123771667,0.9335178136825562,0,-0.054263148456811905,0.9709517955780029,0.23304064571857452,0,-0.9620950222015381,0.011627031490206718,-0.2724649906158447,0,0,0.418518990278244,0,1,0.9885759353637695,-0.1497633308172226,0.01699400134384632,0,0.12088128924369812,0.8551299571990967,0.5041229724884033,0,-0.09003016352653503,-0.49630993604660034,0.8634650111198425,0,0,0.27494001388549805,0,1,0.9894439578056335,-0.12356628477573395,0.07571417093276978,0,0.12319428473711014,0.9923359155654907,0.009581001475453377,0,-0.07631716877222061,-0.0001519533689133823,0.9970840215682983,0,0.022652000188827515,0.32494598627090454,-0.19463799893856049,1,-0.9785379767417908,-0.13117004930973053,0.15892508625984192,0,0.15101002156734467,-0.9812290072441101,0.11993978172540665,0,0.1402091234922409,0.14136481285095215,0.9799780249595642,0,1.0353569984436035,-0.42574799060821533,0.1597750037908554,1,0.9830859899520874,0.18250693380832672,-0.015256959944963455,0,-0.09355591237545013,0.4288288652896881,-0.8985280394554138,0,-0.15744498372077942,0.8847580552101135,0.43865084648132324,0,0,1.9974199533462524,0,1,0.9373719692230225,-0.3460671603679657,0.039650335907936096,0,-0.017294377088546753,0.06745094060897827,0.9975730180740356,0,-0.3479021489620209,-0.9357819557189941,0.0572407990694046,0,0,2.7068159580230713,0,1,0.9699190258979797,0,0.2434300035238266,0,-0.15014700591564178,0.7871189713478088,0.5982469916343689,0,-0.1916079968214035,-0.6168010234832764,0.7634410262107849,0,0,1.4843109846115112,0,1,-0.9908429980278015,0.11663597822189331,-0.06802310049533844,0,-0.13245604932308197,-0.9374065399169922,0.3220630884170532,0,-0.026201937347650528,0.32812410593032837,0.9442715048789978,0,-1.0353569984436035,-0.42574799060821533,0.19483399391174316,1,0.9865720272064209,-0.07346655428409576,0.1458691507577896,0,0.16185501217842102,0.3202139735221863,-0.9334163069725037,0,0.02186470851302147,0.9444922804832458,0.32780492305755615,0,0,1.9981110095977783,0,1,0.9551860690116882,0.2940778136253357,-0.03372737765312195,0,-0.03341001644730568,0.22032243013381958,0.974854588508606,0,0.2941138744354248,-0.9300405979156494,0.22027437388896942,0,0,2.706963062286377,0,1,0.9659029841423035,0.05558120831847191,-0.25286799669265747,0,0.15343399345874786,0.6638085246086121,0.7319943904876709,0,0.20854206383228302,-0.7458343505859375,0.6326465010643005,0,0,1.4538400173187256,0,1
