8.333,30,249,33
B0,puss_Hips,-1,0.995705246925354,-0.04253741726279259,0.08222409337759018,0,0.048626143485307693,0.9961073994636536,-0.07352177053689957,0,-0.07877673953771591,0.07720440626144409,0.9938977956771851,0,0.02287035994231701,5.928722858428955,-0.136605903506279,1
B1,puss_Spine,0,0.9984941482543945,0.04386993125081062,-0.03293577581644058,0,-0.0388302281498909,0.9893106818199158,0.14055699110031128,0,0.03874969482421875,-0.1390661597251892,0.9895248413085938,0,0,0.7663469910621643,0.05852099880576134,1
B2,puss_Spine1,1,0.9995505213737488,0.027844808995723724,-0.011114797554910183,0,-0.0276008490473032,0.9993870258331299,0.02154598943889141,0,0.011708236299455166,-0.021229511126875877,0.9997060894966125,0,0,0.8966739773750305,0,1
B3,puss_Spine2,2,0.9995459914207458,0.027838807553052902,-0.011515798047184944,0,-0.027591368183493614,0.9993965029716492,0.021106990054249763,0,0.012096235528588295,-0.020779510959982872,0.9997105598449707,0,0,1.0247700214385986,0,1
B4,puss_Neck,3,0.9999724626541138,0.006023694295436144,0.004295505583286285,0,-0.0061387354508042336,0.9996093511581421,0.027265073731541634,0,-0.004129423759877682,-0.027290593832731247,0.9996188879013062,0,0,1.1528669595718384,0,1
B5,puss_Head,4,0.999965488910675,0.006517051253467798,0.005224710796028376,0,-0.00702169444411993,0.9946364760398865,0.1031910702586174,0,-0.004524464253336191,-0.10322406888008118,0.9946480393409729,0,0,0.44932299852371216,-0.12227500230073929,1
B6,puss_HeadTop_End,5,1,0,0,0,0,1,0,0,0,0,1,0,0,1.8984839916229248,-0.5166400074958801,1
B7,puss_LeftShoulder,3,0.3499751389026642,0.01949477754533291,-0.9365561008453369,0,0.7704437971115112,-0.5746949315071106,0.27593880891799927,0,-0.5328545570373535,-0.8181353807449341,-0.21614854037761688,0,0.3702090084552765,0.9034029841423035,0.019123999401926994,1
B8,puss_LeftArm,7,0.927801251411438,0.3346056044101715,-0.1649971455335617,0,-0.1856159269809723,0.7976495623588562,0.5738486647605896,0,0.32362285256385803,-0.5017914175987244,0.8021677732467651,0,0,0.8895230293273926,0,1
B9,puss_LeftForeArm,8,0.9810677170753479,0.024760333821177483,0.19207647442817688,0,-0.024803854525089264,0.9996901154518127,-0.002179274568334222,0,-0.19207046926021576,-0.0026261922903358936,0.9813776016235352,0,0,1.5244580507278442,0,1
B10,puss_LeftHand,9,0.8421651721000671,-0.06947720795869827,0.5347245931625366,0,0.02353433147072792,0.9954553842544556,0.09227492660284042,0,-0.5387057065963745,-0.06512672454118729,0.8399732708930969,0,0,1.2489010095596313,0,1
B11,puss_LeftHandIndex1,10,-0.1340239942073822,0.1309719979763031,-0.9822850227355957,0,-0.0037529999390244484,0.9911540150642395,0.13266700506210327,0,0.990971028804779,0.021467000246047974,-0.1323470026254654,0,0,0.31888800859451294,0,1
B12,puss_LeftHandIndex2,11,0.9595829844474792,0.28142398595809937,-0.0005879999953322113,0,-0.2684295177459717,0.9158999919891357,0.2984519898891449,0,0.08453000336885452,-0.28623199462890625,0.9544245004653931,0,0,0.26787400245666504,0,1
B13,puss_LeftHandIndex3,12,0.9977989792823792,0.06324047595262527,-0.019961999729275703,0,-0.06269347667694092,0.997668981552124,0.026945000514388084,0,0.02161947824060917,-0.025634000077843666,0.9994379878044128,0,-0.008700000122189522,0.4375480115413666,-0.1291469931602478,1
B14,puss_LeftHandIndex4,13,1,0,0,0,0,1,0,0,0,0,1,0,-0.023473000153899193,0.23882600665092468,-0.07550200074911118,1
B15,puss_RightShoulder,3,0.3271547257900238,-0.017488764598965645,0.9448090195655823,0,-0.7517505288124084,-0.6106300950050354,0.2490023672580719,0,0.5725738406181335,-0.7917233109474182,-0.21291767060756683,0,-0.3702090084552765,0.9033920168876648,0.018976999446749687,1
B16,puss_RightArm,15,0.8567267656326294,-0.36601492762565613,0.3633892238140106,0,0.17508286237716675,0.8691034317016602,0.46260765194892883,0,-0.48514458537101746,-0.3327050507068634,0.8086665868759155,0,0,0.8895230293273926,0,1
B17,puss_RightForeArm,16,0.9697099328041077,-0.1134362518787384,-0.21632146835327148,0,0.11371925473213196,0.9934502840042114,-0.011180192232131958,0,0.2161724716424942,-0.013758151791989803,0.9762581586837769,0,0,1.5236810445785522,0,1
B18,puss_RightHand,17,0.9398683905601501,0.07488450407981873,-0.3332251310348511,0,-0.039226703345775604,0.9928789138793945,0.11248457431793213,0,0.3392758369445801,-0.0926491916179657,0.936113178730011,0,0,1.2428539991378784,0,1
B19,puss_RightHandIndex1,18,-0.26226601004600525,-0.11343199759721756,0.9583060145378113,0,0.009069999679923058,0.9927340149879456,0.11998999863862991,0,-0.9649530053138733,0.040160998702049255,-0.25933098793029785,0,0,0.418518990278244,0,1
B20,puss_RightHandIndex2,19,0.9703909754753113,-0.24079300463199615,0.018990520387887955,0,0.20093600451946259,0.8483920097351074,0.4897499978542328,0,-0.1340399980545044,-0.47143301367759705,0.8716560006141663,0,0,0.27494001388549805,0,1
B21,puss_RightHandIndex3,20,0.9971539974212646,-0.06420352309942245,0.03953099995851517,0,0.06404951959848404,0.9979329705238342,0.005154999904334545,0,-0.03977999836206436,-0.0026080000679939985,0.9992049932479858,0,0.022652000188827515,0.32494598627090454,-0.19463799893856049,1
B22,puss_RightHandIndex4,21,1,0,0,0,0,1,0,0,0,0,1,0,0.030835000798106194,0.20852600038051605,-0.13027000427246094,1
B23,puss_LeftUpLeg,0,-0.9475116729736328,-0.14550086855888367,0.28469449281692505,0,0.20566733181476593,-0.9591391682624817,0.19430311024188995,0,0.24479025602340698,0.2426569163799286,0.9387200474739075,0,1.0353569984436035,-0.42574799060821533,0.1597750037908554,1
B24,puss_LeftLeg,23,0.9985697865486145,0.05262817442417145,-0.009402765892446041,0,-0.051999568939208984,0.9152641296386719,-0.3994845747947693,0,-0.012417862191796303,0.39940205216407776,0.916691780090332,0,0,1.9974199533462524,0,1
B25,puss_LeftFoot,24,0.9825088381767273,-0.15993307530879974,0.0953797921538353,0,0.00389184826053679,0.5297272205352783,0.848158597946167,0,-0.18617430329322815,-0.8329529166221619,0.521084189414978,0,0,2.7068159580230713,0,1
B26,puss_LeftToeBase,25,0.9685490131378174,-0.026988396421074867,0.24735547602176666,0,-0.1486469954252243,0.7344542145729065,0.6621787548065186,0,-0.19954247772693634,-0.6781212687492371,0.7073431611061096,0,0,1.4843109846115112,0,1
B27,puss_LeftToe_End,26,1,0,0,0,0,1,0,0,0,0,1,0,0,0.5643370151519775,0,1
B28,puss_RightUpLeg,0,-0.9822959303855896,-0.027504758909344673,-0.18530556559562683,0,0.03974620997905731,-0.9972425103187561,-0.06267287582159042,0,-0.18307071924209595,-0.06892894953489304,0.9806807637214661,0,-1.0353569984436035,-0.42574799060821533,0.19483399391174316,1
B29,puss_RightLeg,28,0.9855570197105408,-0.058953285217285156,-0.15874943137168884,0,0.026488469913601875,0.9795743227005005,-0.19932889938354492,0,0.1672583669424057,0.1922450065612793,0.9669882655143738,0,0,1.9981110095977783,0,1
B30,puss_RightFoot,29,0.9875525832176208,0.10016941279172897,-0.12126978486776352,0,0.059535205364227295,0.475583553314209,0.8776534199714661,0,0.14558768272399902,-0.8739489912986755,0.4637001156806946,0,0,2.706963062286377,0,1
B31,puss_RightToeBase,30,0.9667784571647644,0.04096716642379761,-0.2523115277290344,0,0.15375347435474396,0.6953456997871399,0.7020363211631775,0,0.2042040377855301,-0.7175068259239197,0.6659461855888367,0,0,1.4538400173187256,0,1
B32,puss_RightToe_End,31,1,0,0,0,0,1,0,0,0,0,1,0,0,0.5455930233001709,0,1
@28,0,1,2,3,4,5,7,8,9,10,11,12,13,15,16,17,18,19,20,21,23,24,25,26,28,29,30,31
K0.000,0.9942920207977295,-0.04944299906492233,0.09454900026321411,0,0.05529100075364113,0.996649980545044,-0.06026799976825714,0,-0.09125299751758575,0.06515199691057205,0.993694007396698,0,0.06915599852800369,5.937565803527832,-0.18123500049114227,1,0.9989380240440369,0.039087001234292984,-0.024407999590039253,0,-0.035461001098155975,0.9902780055999756,0.13450700044631958,0,0.02942799963057041,-0.13349899649620056,0.9906119704246521,0,0,0.7663469910621643,0.05852099880576134,1,0.9996150135993958,0.026722999289631844,-0.007433000020682812,0,-0.02656799927353859,0.9994410276412964,0.020282000303268433,0,0.007970999926328659,-0.020076999440789223,0.999767005443573,0,0,0.8966739773750305,0,1,0.9996110200881958,0.02675200067460537,-0.007833000272512436,0,-0.02659199945628643,0.9994490146636963,0.01984100043773651,0,0.008359000086784363,-0.019625000655651093,0.9997720122337341,0,0,1.0247700214385986,0,1,0.9999679923057556,0.007903000339865685,0.001551999943330884,0,-0.007935999892652035,0.9997270107269287,0.021967999637126923,0,-0.0013780000153928995,-0.021980000659823418,0.9997569918632507,0,0,1.1528669595718384,0,1,0.9999619722366333,0.00837399996817112,0.0025770000647753477,0,-0.008585999719798565,0.9951549768447876,0.09793899953365326,0,-0.001744000008329749,-0.09795700013637543,0.9951890110969543,0,0,0.44932299852371216,-0.12227500230073929,1,0.34996500611305237,0.02022399939596653,-0.9365440011024475,0,0.773114025592804,-0.5707929730415344,0.2765690088272095,0,-0.5289790034294128,-0.8208450078964233,-0.21539300680160522,0,0.3702090084552765,0.9034029841423035,0.019123999401926994,1,0.9267470240592957,0.3314419984817505,-0.17688000202178955,0,-0.175914004445076,0.7988550066947937,0.5752260088920593,0,0.33195599913597107,-0.5019729733467102,0.79864102602005,0,0,0.8895230293273926,0,1,0.9810649752616882,0.024800000712275505,0.19208399951457977,0,-0.0248429998755455,0.999688982963562,-0.0021830000914633274,0,-0.19207899272441864,-0.002630000002682209,0.9813759922981262,0,0,1.5244580507278442,0,1,0.841929018497467,-0.07289600372314453,0.5346419811248779,0,0.024090999737381935,0.9949229955673218,0.09771600365638733,0,-0.5390509963035583,-0.06938999891281128,0.8394100069999695,0,0,1.2489010095596313,0,1,-0.1340239942073822,0.1309719979763031,-0.9822850227355957,0,-0.003751999931409955,0.9911540150642395,0.13266600668430328,0,0.990971028804779,0.021466000005602837,-0.1323470026254654,0,0,0.31888800859451294,0,1,0.9595829844474792,0.28142398595809937,-0.0005879999953322113,0,-0.2684299945831299,0.9158999919891357,0.2984519898891449,0,0.08453000336885452,-0.28623199462890625,0.9544249773025513,0,0,0.26787400245666504,0,1,0.9977989792823792,0.06324099749326706,-0.019961999729275703,0,-0.0626939982175827,0.997668981552124,0.026945000514388084,0,0.021618999540805817,-0.025634000077843666,0.9994379878044128,0,-0.008700000122189522,0.4375480115413666,-0.1291469931602478,1,0.318107008934021,-0.019822999835014343,0.9478480219841003,0,-0.7573739886283875,-0.6066840291023254,0.24149399995803833,0,0.5702570080757141,-0.7946959733963013,-0.20800399780273438,0,-0.3702090084552765,0.9033920168876648,0.018976999446749687,1,0.8549280166625977,-0.3734079897403717,0.3600899875164032,0,0.18340900540351868,0.8669009804725647,0.46351298689842224,0,-0.48524200916290283,-0.33022698760032654,0.8096240162849426,0,0,0.8895230293273926,0,1,0.9697290062904358,-0.11331800371408463,-0.21629799902439117,0,0.11360099911689758,0.9934639930725098,-0.01116700004786253,0,0.21615000069141388,-0.013743000105023384,0.9762629866600037,0,0,1.5236810445785522,0,1,0.9411100149154663,0.07187700271606445,-0.3303709924221039,0,-0.03430100157856941,0.9923970103263855,0.11819899827241898,0,0.3363560140132904,-0.09990599751472473,0.9364209771156311,0,0,1.2428539991378784,0,1,-0.26226601004600525,-0.11343199759721756,0.9583060145378113,0,0.009069999679923058,0.9927340149879456,0.11998900026082993,0,-0.9649530053138733,0.040160998702049255,-0.25933098793029785,0,0,0.418518990278244,0,1,0.9703909754753113,-0.24079400300979614,0.01899000070989132,0,0.20093700289726257,0.8483920097351074,0.4897499978542328,0,-0.1340399980545044,-0.47143301367759705,0.8716560006141663,0,0,0.27494001388549805,0,1,0.9971539974212646,-0.06420300155878067,0.03953099995851517,0,0.06404899805784225,0.9979329705238342,0.005154999904334545,0,-0.03977999836206436,-0.0026080000679939985,0.9992049932479858,0,0.022652000188827515,0.32494598627090454,-0.19463799893856049,1,-0.9492480158805847,-0.14172999560832977,0.28078699111938477,0,0.20544099807739258,-0.9553660154342651,0.21229800581932068,0,0.2381650060415268,0.259209007024765,0.9359959959983826,0,1.0353569984436035,-0.42574799060821533,0.1597750037908554,1,0.998274028301239,0.058038000017404556,0.009018000215291977,0,-0.049619998782873154,0.915503978729248,-0.3992370069026947,0,-0.03142699971795082,0.39809998869895935,0.9168040156364441,0,0,1.9974199533462524,0,1,0.9830710291862488,-0.1563200056552887,0.09557799994945526,0,0.00279999990016222,0.534400999546051,0.8452270030975342,0,-0.18320299685001373,-0.8306499719619751,0.5257920026779175,0,0,2.7068159580230713,0,1,0.9685379862785339,-0.02718299999833107,0.2473749965429306,0,-0.1486389935016632,0.7340570092201233,0.6626219749450684,0,-0.1995999962091446,-0.6785439848899841,0.7069219946861267,0,0,1.4843109846115112,0,1,-0.9831259846687317,-0.030155999585986137,-0.1804260015487671,0,0.040876999497413635,-0.9975939989089966,-0.05599899962544441,0,-0.17830300331115723,-0.062428999692201614,0.9819930195808411,0,-1.0353569984436035,-0.42574799060821533,0.19483399391174316,1,0.9857640266418457,-0.05194399878382683,-0.15990899503231049,0,0.025150999426841736,0.9859349727630615,-0.16522400081157684,0,0.16624200344085693,0.15884999930858612,0.9732059836387634,0,0,1.9981110095977783,0,1,0.9887139797210693,0.09551600366830826,-0.11541800200939178,0,0.052312999963760376,0.5017960071563721,0.8634020090103149,0,0.1403850018978119,-0.8596959710121155,0.49113601446151733,0,0,2.706963062286377,0,1,0.9667739868164062,0.04104999825358391,-0.25231701135635376,0,0.15375100076198578,0.695169985294342,0.7022110223770142,0,0.20422899723052979,-0.7176730036735535,0.6657599806785583,0,0,1.4538400173187256,0,1
K0.033,0.9942939877510071,-0.04947400093078613,0.0945110023021698,0,0.055291999131441116,0.9966679811477661,-0.05995899811387062,0,-0.09122999757528305,0.06484299898147583,0.9937170147895813,0,0.06920599937438965,5.937688827514648,-0.1811079978942871,1,0.9989410042762756,0.039048001170158386,-0.02432599849998951,0,-0.035436000674963,0.9902870059013367,0.13444699347019196,0,0.029338998720049858,-0.13344299793243408,0.9906219840049744,0,0,0.7663469910621643,0.05852099880576134,1,0.9996160268783569,0.02671400085091591,-0.00739899929612875,0,-0.026559999212622643,0.9994419813156128,0.02026199921965599,0,0.00793599896132946,-0.020058000460267067,0.999767005443573,0,0,0.8966739773750305,0,1,0.9996119737625122,0.026743000373244286,-0.00779799884185195,0,-0.026583999395370483,0.9994500279426575,0.01982099935412407,0,0.008323999121785164,-0.019605999812483788,0.9997730255126953,0,0,1.0247700214385986,0,1,0.9999669790267944,0.00791999977082014,0.0015479999128729105,0,-0.007952000014483929,0.9997270107269287,0.021974999457597733,0,-0.0013729998609051108,-0.021987000480294228,0.9997569918632507,0,0,1.1528669595718384,0,1,0.9999610185623169,0.008390000090003014,0.0025740000419318676,0,-0.008600999601185322,0.9951540231704712,0.09794799983501434,0,-0.0017389998538419604,-0.09796600043773651,0.9951879978179932,0,0,0.44932299852371216,-0.12227500230073929,1,0.35002899169921875,0.020232999697327614,-0.936519980430603,0,0.7731620073318481,-0.5706920027732849,0.2766430079936981,0,-0.5288670063018799,-0.8209149837493896,-0.2154020071029663,0,0.3702090084552765,0.9034029841423035,0.019123999401926994,1,0.9266930222511292,0.331494003534317,-0.1770630031824112,0,-0.17582200467586517,0.7988100051879883,0.5753170251846313,0,0.33215299248695374,-0.5020110011100769,0.7985360026359558,0,0,0.8895230293273926,0,1,0.9810680150985718,0.024750998243689537,0.1920740008354187,0,-0.02479499764740467,0.9996899962425232,-0.002177999820560217,0,-0.19206899404525757,-0.002625999739393592,0.9813780188560486,0,0,1.5244580507278442,0,1,0.8419569730758667,-0.07298800349235535,0.5345849990844727,0,0.024180002510547638,0.9949169754981995,0.0977569967508316,0,-0.539002001285553,-0.0693809986114502,0.8394420146942139,0,0,1.2489010095596313,0,1,-0.1340239942073822,0.1309709995985031,-0.9822850227355957,0,-0.003751999931409955,0.9911540150642395,0.13266600668430328,0,0.990971028804779,0.021466000005602837,-0.1323470026254654,0,0,0.31888800859451294,0,1,0.9595829844474792,0.28142398595809937,-0.0005879999953322113,0,-0.2684290111064911,0.9158999919891357,0.2984519898891449,0,0.08453000336885452,-0.28623199462890625,0.9544249773025513,0,0,0.26787400245666504,0,1,0.9977989792823792,0.06324099749326706,-0.019961999729275703,0,-0.06269299983978271,0.997668981552124,0.026945000514388084,0,0.021618999540805817,-0.025634000077843666,0.9994379878044128,0,-0.008700000122189522,0.4375480115413666,-0.1291469931602478,1,0.31815698742866516,-0.01984100043773651,0.9478300213813782,0,-0.7574689984321594,-0.6065379977226257,0.24156199395656586,0,0.5701019763946533,-0.7948070168495178,-0.2080029994249344,0,-0.3702090084552765,0.9033920168876648,0.018976999446749687,1,0.8549000024795532,-0.3733989894390106,0.360164999961853,0,0.18340599536895752,0.8669340014457703,0.46345099806785583,0,-0.4852910041809082,-0.33014801144599915,0.8096259832382202,0,0,0.8895230293273926,0,1,0.9697399735450745,-0.11325100064277649,-0.21628600358963013,0,0.11353400349617004,0.9934710264205933,-0.01116000022739172,0,0.21613700687885284,-0.013732999563217163,0.9762660264968872,0,0,1.5236810445785522,0,1,0.9411590099334717,0.07186800241470337,-0.33023500442504883,0,-0.034292999655008316,0.9923930168151855,0.11823900043964386,0,0.33622100949287415,-0.09995699673891068,0.9364640116691589,0,0,1.2428539991378784,0,1,-0.26226601004600525,-0.11343199759721756,0.9583060145378113,0,0.009069999679923058,0.9927340149879456,0.11998900026082993,0,-0.9649530053138733,0.040160998702049255,-0.25933098793029785,0,0,0.418518990278244,0,1,0.9703909754753113,-0.24079400300979614,0.01899000070989132,0,0.20093600451946259,0.8483920097351074,0.4897499978542328,0,-0.1340399980545044,-0.47143301367759705,0.8716560006141663,0,0,0.27494001388549805,0,1,0.9971539974212646,-0.06420300155878067,0.03953099995851517,0,0.06404899805784225,0.9979329705238342,0.005154999904334545,0,-0.03977999836206436,-0.0026080000679939985,0.9992049932479858,0,0.022652000188827515,0.32494598627090454,-0.19463799893856049,1,-0.9493070244789124,-0.1416649967432022,0.2806189954280853,0,0.20542700588703156,-0.9552819728851318,0.21268700063228607,0,0.2379399985074997,0.2595529854297638,0.9359580278396606,0,1.0353569984436035,-0.42574799060821533,0.1597750037908554,1,0.9982699751853943,0.058086998760700226,0.009092002175748348,0,-0.0496320016682148,0.9154660105705261,-0.3993229866027832,0,-0.031519003212451935,0.3981809914112091,0.9167649745941162,0,0,1.9974199533462524,0,1,0.9830700159072876,-0.1563269942998886,0.09557899832725525,0,0.0028099999763071537,0.5344359874725342,0.8452039957046509,0,-0.18320900201797485,-0.8306260108947754,0.5258269906044006,0,0,2.7068159580230713,0,1,0.9685369729995728,-0.027209000661969185,0.24737800657749176,0,-0.14863699674606323,0.734004020690918,0.6626799702644348,0,-0.1996069997549057,-0.6785989999771118,0.7068660259246826,0,0,1.4843109846115112,0,1,-0.9831349849700928,-0.030233999714255333,-0.18036599457263947,0,0.04093100130558014,-0.9975979924201965,-0.05588500201702118,0,-0.1782429963350296,-0.06232500448822975,0.9820110201835632,0,-1.0353569984436035,-0.42574799060821533,0.19483399391174316,1,0.9857659935951233,-0.051888998597860336,-0.1599150002002716,0,0.025154000148177147,0.9859930276870728,-0.1648789793252945,0,0.16623100638389587,0.1585099846124649,0.9732639789581299,0,0,1.9981110095977783,0,1,0.9887089729309082,0.09549900144338608,-0.11547800153493881,0,0.05234599858522415,0.5019680261611938,0.8633009791374207,0,0.14041100442409515,-0.8595979809761047,0.4913010001182556,0,0,2.706963062286377,0,1,0.9667750000953674,0.041019998490810394,-0.2523150146007538,0,0.15375199913978577,0.6952329874038696,0.7021480202674866,0,0.2042199969291687,-0.7176129817962646,0.6658269762992859,0,0,1.4538400173187256,0,1
K0.067,0.9942799806594849,-0.04948500171303749,0.094650998711586,0,0.05528999865055084,0.9966830015182495,-0.059724003076553345,0,-0.0913809984922409,0.06461499631404877,0.9937170147895813,0,0.06930699944496155,5.9378862380981445,-0.18077799677848816,1,0.9989500045776367,0.03895200043916702,-0.02411000244319439,0,-0.035374000668525696,0.9903110265731812,0.1342889964580536,0,0.029107002541422844,-0.1332949995994568,0.9906489849090576,0,0,0.7663469910621643,0.05852099880576134,1,0.9996169805526733,0.026691000908613205,-0.007308000698685646,0,-0.026537999510765076,0.999442994594574,0.02020999975502491,0,0.007843000814318657,-0.02000799961388111,0.9997689723968506,0,0,0.8966739773750305,0,1,0.9996129870414734,0.02672000043094158,-0.00770800095051527,0,-0.026562999933958054,0.9994519948959351,0.01976899988949299,0,0.008232001215219498,-0.01955699920654297,0.9997749924659729,0,0,1.0247700214385986,0,1,0.9999669790267944,0.007965999655425549,0.0015350001631304622,0,-0.0079969996586442,0.9997259974479675,0.021991999819874763,0,-0.0013600001111626625,-0.02200400084257126,0.9997569918632507,0,0,1.1528669595718384,0,1,0.9999610185623169,0.00843099970370531,0.0025649999734014273,0,-0.008642000146210194,0.9951519966125488,0.09796500205993652,0,-0.001726000104099512,-0.09798300266265869,0.995186984539032,0,0,0.44932299852371216,-0.12227500230073929,1,0.35019001364707947,0.020258000120520592,-0.9364590048789978,0,0.7732899785041809,-0.5704259872436523,0.2768329977989197,0,-0.5285729765892029,-0.8210989832878113,-0.21542300283908844,0,0.3702090084552765,0.9034029841423035,0.019123999401926994,1,0.9265549778938293,0.33162298798561096,-0.1775439977645874,0,-0.17557400465011597,0.7986940145492554,0.5755540132522583,0,0.3326700031757355,-0.5021100044250488,0.7982580065727234,0,0,0.8895230293273926,0,1,0.9810760021209717,0.024625001475214958,0.19204899668693542,0,-0.024668002501130104,0.999692976474762,-0.0021660001948475838,0,-0.1920430064201355,-0.0026120003312826157,0.9813830256462097,0,0,1.5244580507278442,0,1,0.8420320153236389,-0.07323499768972397,0.5344330072402954,0,0.024409998208284378,0.9948989748954773,0.09787499904632568,0,-0.5388749837875366,-0.06936799734830856,0.8395249843597412,0,0,1.2489010095596313,0,1,-0.1340239942073822,0.1309719979763031,-0.9822850227355957,0,-0.003751999931409955,0.9911540150642395,0.13266600668430328,0,0.990971028804779,0.021466000005602837,-0.1323470026254654,0,0,0.31888800859451294,0,1,0.9595829844474792,0.28142499923706055,-0.0005879999953322113,0,-0.2684299945831299,0.9158989787101746,0.2984519898891449,0,0.08453000336885452,-0.28623101115226746,0.9544249773025513,0,0,0.26787400245666504,0,1,0.9977989792823792,0.06324099749326706,-0.019961999729275703,0,-0.06269299983978271,0.997668981552124,0.026945000514388084,0,0.021618999540805817,-0.025634000077843666,0.9994379878044128,0,-0.008700000122189522,0.4375480115413666,-0.1291469931602478,1,0.3182770013809204,-0.019886000081896782,0.9477890133857727,0,-0.7577170133590698,-0.6061609983444214,0.2417300045490265,0,0.5697060227394104,-0.7950929999351501,-0.2079949975013733,0,-0.3702090084552765,0.9033920168876648,0.018976999446749687,1,0.8548280000686646,-0.3733760118484497,0.3603590130805969,0,0.18340300023555756,0.8670250177383423,0.4632839858531952,0,-0.48541998863220215,-0.32993701100349426,0.8096349835395813,0,0,0.8895230293273926,0,1,0.9697660207748413,-0.11308299750089645,-0.21625299751758575,0,0.11336500197649002,0.993490993976593,-0.011141999624669552,0,0.21610499918460846,-0.013710999861359596,0.9762740135192871,0,0,1.5236810445785522,0,1,0.9412829875946045,0.07184100151062012,-0.3298870027065277,0,-0.03426700085401535,0.9923819899559021,0.11834099888801575,0,0.335875004529953,-0.10008800029754639,0.9365739822387695,0,0,1.2428539991378784,0,1,-0.26226601004600525,-0.11343199759721756,0.9583060145378113,0,0.009069999679923058,0.9927340149879456,0.11998999863862991,0,-0.9649530053138733,0.040160998702049255,-0.25933098793029785,0,0,0.418518990278244,0,1,0.9703909754753113,-0.24079300463199615,0.018990999087691307,0,0.20093600451946259,0.8483920097351074,0.4897499978542328,0,-0.1340399980545044,-0.47143301367759705,0.8716560006141663,0,0,0.27494001388549805,0,1,0.9971539974212646,-0.06420300155878067,0.03953099995851517,0,0.06404899805784225,0.9979329705238342,0.005154999904334545,0,-0.03977999836206436,-0.0026080000679939985,0.9992049932479858,0,0.022652000188827515,0.32494598627090454,-0.19463799893856049,1,-0.9493409991264343,-0.14163899421691895,0.28051701188087463,0,0.20540399849414825,-0.9552599787712097,0.21280799806118011,0,0.23782500624656677,0.259647011756897,0.9359610080718994,0,1.0353569984436035,-0.42574799060821533,0.1597750037908554,1,0.9982650279998779,0.0581509992480278,0.009296998381614685,0,-0.04961000010371208,0.9154829978942871,-0.39928799867630005,0,-0.03172999620437622,0.3981330096721649,0.9167789816856384,0,0,1.9974199533462524,0,1,0.9830729961395264,-0.15630699694156647,0.0955749973654747,0,0.002804999938234687,0.5344460010528564,0.8451979756355286,0,-0.1831900030374527,-0.830623984336853,0.5258380174636841,0,0,2.7068159580230713,0,1,0.9685350060462952,-0.02725199982523918,0.2473820000886917,0,-0.14863499999046326,0.7339169979095459,0.6627770066261292,0,-0.19961999356746674,-0.6786919832229614,0.7067739963531494,0,0,1.4843109846115112,0,1,-0.983144998550415,-0.03029800020158291,-0.18029800057411194,0,0.04106999933719635,-0.9975680112838745,-0.05631399527192116,0,-0.17815400660037994,-0.06276899576187134,0.9819989800453186,0,-1.0353569984436035,-0.42574799060821533,0.19483399391174316,1,0.985759973526001,-0.05175900086760521,-0.15999199450016022,0,0.02520100027322769,0.9861779808998108,-0.16376401484012604,0,0.16625699400901794,0.15740101039409637,0.9734389781951904,0,0,1.9981110095977783,0,1,0.9887120127677917,0.0954350009560585,-0.11549899727106094,0,0.05233599990606308,0.5023360252380371,0.863086998462677,0,0.14038799703121185,-0.8593900203704834,0.49167099595069885,0,0,2.706963062286377,0,1,0.9667779803276062,0.040973000228405,-0.2523120045661926,0,0.15375299751758575,0.6953319907188416,0.7020490169525146,0,0.20420600473880768,-0.717519998550415,0.6659319996833801,0,0,1.4538400173187256,0,1
K0.100,0.9942610263824463,-0.04946799948811531,0.09485899657011032,0,0.0552700012922287,0.9966949820518494,-0.0595409981906414,0,-0.09160000085830688,0.06444200128316879,0.9937090277671814,0,0.06945399940013885,5.938077926635742,-0.180307999253273,1,0.9989629983901978,0.038805000483989716,-0.02380399964749813,0,-0.03527500107884407,0.9903450012207031,0.13406400382518768,0,0.028775999322533607,-0.13308599591255188,0.9906870126724243,0,0,0.7663469910621643,0.05852099880576134,1,0.9996190071105957,0.026657000184059143,-0.007178999949246645,0,-0.026506999507546425,0.9994459748268127,0.020136000588536263,0,0.007712000049650669,-0.019937999546527863,0.999770998954773,0,0,0.8966739773750305,0,1,0.9996150135993958,0.026686999946832657,-0.007579000201076269,0,-0.02653300017118454,0.9994540214538574,0.01969500072300434,0,0.00810100045055151,-0.019486000761389732,0.9997770190238953,0,0,1.0247700214385986,0,1,0.9999669790267944,0.008031000383198261,0.0015170000260695815,0,-0.008062999695539474,0.9997249841690063,0.022014999762177467,0,-0.001339999958872795,-0.022026000544428825,0.9997569918632507,0,0,1.1528669595718384,0,1,0.9999610185623169,0.00849200040102005,0.0025510000996291637,0,-0.008701000362634659,0.9951490163803101,0.09798900038003922,0,-0.001706999959424138,-0.09800700098276138,0.9951840043067932,0,0,0.44932299852371216,-0.12227500230073929,1,0.35040798783302307,0.02029399946331978,-0.9363769888877869,0,0.7734730243682861,-0.570052981376648,0.27709099650382996,0,-0.5281609892845154,-0.821357011795044,-0.21544800698757172,0,0.3702090084552765,0.9034029841423035,0.019123999401926994,1,0.9263629913330078,0.33179599046707153,-0.17822299897670746,0,-0.1752139925956726,0.7985290288925171,0.5758919715881348,0,0.33339500427246094,-0.5022569894790649,0.7978630065917969,0,0,0.8895230293273926,0,1,0.9810879826545715,0.024449000135064125,0.1920129954814911,0,-0.02449199929833412,0.9996979832649231,-0.0021510000806301832,0,-0.19200800359249115,-0.0025919999461621046,0.9813899993896484,0,0,1.5244580507278442,0,1,0.8421369791030884,-0.07359100133180618,0.5342180132865906,0,0.024733999744057655,0.9948729872703552,0.09805800020694733,0,-0.5386959910392761,-0.0693650022149086,0.8396400213241577,0,0,1.2489010095596313,0,1,-0.1340239942073822,0.1309729963541031,-0.9822850227355957,0,-0.0037529999390244484,0.9911540150642395,0.13266700506210327,0,0.990971028804779,0.021467000246047974,-0.1323470026254654,0,0,0.31888800859451294,0,1,0.9595829844474792,0.28142398595809937,-0.0005879999953322113,0,-0.2684290111064911,0.9158999919891357,0.2984519898891449,0,0.08453000336885452,-0.28623199462890625,0.9544240236282349,0,0,0.26787400245666504,0,1,0.9977989792823792,0.06324099749326706,-0.019961999729275703,0,-0.06269299983978271,0.997668981552124,0.026945000514388084,0,0.021619999781250954,-0.025634000077843666,0.9994379878044128,0,-0.008700000122189522,0.4375480115413666,-0.1291469931602478,1,0.31842198967933655,-0.019951999187469482,0.9477390050888062,0,-0.7580599784851074,-0.6056479811668396,0.24194300174713135,0,0.5691689848899841,-0.7954829931259155,-0.20797599852085114,0,-0.3702090084552765,0.9033920168876648,0.018976999446749687,1,0.8547250032424927,-0.3733479976654053,0.3606320023536682,0,0.1834069937467575,0.867152988910675,0.4630410075187683,0,-0.48559901118278503,-0.3296299874782562,0.8096529841423035,0,0,0.8895230293273926,0,1,0.9698020219802856,-0.11285900324583054,-0.21620899438858032,0,0.11314000189304352,0.9935169816017151,-0.011115999892354012,0,0.21606199443340302,-0.013681000098586082,0.9762840270996094,0,0,1.5236810445785522,0,1,0.9414520263671875,0.07179500162601471,-0.3294149935245514,0,-0.03422300145030022,0.9923670291900635,0.11847800016403198,0,0.33540698885917664,-0.10026799887418747,0.9367219805717468,0,0,1.2428539991378784,0,1,-0.26226601004600525,-0.11343199759721756,0.9583060145378113,0,0.009070999920368195,0.9927340149879456,0.11998999863862991,0,-0.9649530053138733,0.04016200080513954,-0.25933098793029785,0,0,0.418518990278244,0,1,0.9703909754753113,-0.24079300463199615,0.018990999087691307,0,0.20093600451946259,0.8483920097351074,0.4897499978542328,0,-0.1340399980545044,-0.47143301367759705,0.8716560006141663,0,0,0.27494001388549805,0,1,0.9971539974212646,-0.06420300155878067,0.03953099995851517,0,0.06404899805784225,0.9979329705238342,0.005154999904334545,0,-0.03977999836206436,-0.0026080000679939985,0.9992049932479858,0,0.022652000188827515,0.32494598627090454,-0.19463799893856049,1,-0.9493880271911621,-0.14160199463367462,0.2803780138492584,0,0.20532099902629852,-0.9552839994430542,0.2127790004014969,0,0.23771099746227264,0.2595770061016083,0.9360089898109436,0,1.0353569984436035,-0.42574799060821533,0.1597750037908554,1,0.9982540011405945,0.05827600136399269,0.009600000455975533,0,-0.04960799962282181,0.9155290126800537,-0.3991810083389282,0,-0.032051000744104385,0.39800798892974854,0.9168220162391663,0,0,1.9974199533462524,0,1,0.9830660223960876,-0.156359001994133,0.09557099640369415,0,0.0028359999414533377,0.5344399809837341,0.8452020287513733,0,-0.18323199450969696,-0.8306180238723755,0.525833010673523,0,0,2.7068159580230713,0,1,0.9685329794883728,-0.027282999828457832,0.24738499522209167,0,-0.14863400161266327,0.7338539958000183,0.6628469824790955,0,-0.19962899386882782,-0.678758978843689,0.7067059874534607,0,0,1.4843109846115112,0,1,-0.9831399917602539,-0.030249999836087227,-0.18033400177955627,0,0.041067998856306076,-0.9975540041923523,-0.05655800178647041,0,-0.17818200588226318,-0.06300999969244003,0.9819779992103577,0,-1.0353569984436035,-0.42574799060821533,0.19483399391174316,1,0.985759973526001,-0.051628999412059784,-0.16003699600696564,0,0.02518099918961525,0.9862909913063049,-0.1630830019712448,0,0.16626299917697906,0.1567309945821762,0.973546028137207,0,0,1.9981110095977783,0,1,0.988739013671875,0.09535499662160873,-0.11534000188112259,0,0.05219300091266632,0.502606987953186,0.8629379868507385,0,0.14025700092315674,-0.8592399954795837,0.4919700026512146,0,0,2.706963062286377,0,1,0.9667800068855286,0.0409419983625412,-0.25231000781059265,0,0.15375399589538574,0.6953999996185303,0.7019820213317871,0,0.2041960060596466,-0.7174559831619263,0.6660040020942688,0,0,1.4538400173187256,0,1
K0.133,0.9942280054092407,-0.04946799948811531,0.09520401060581207,0,0.055282000452280045,0.9966999888420105,-0.059431999921798706,0,-0.09195000678300858,0.06435199826955795,0.9936820268630981,0,0.0696289986371994,5.938294887542725,-0.1797640025615692,1,0.9989780187606812,0.03863300010561943,-0.023450996726751328,0,-0.03516000136733055,0.9903839826583862,0.1338060051202774,0,0.028394997119903564,-0.13284499943256378,0.9907299876213074,0,0,0.7663469910621643,0.05852099880576134,1,0.9996209740638733,0.026616999879479408,-0.0070289988070726395,0,-0.026471000164747238,0.9994480013847351,0.020051000639796257,0,0.00755899865180254,-0.019858000800013542,0.9997739791870117,0,0,0.8966739773750305,0,1,0.9996169805526733,0.02664799988269806,-0.007429998833686113,0,-0.02649799920618534,0.999455988407135,0.019610999152064323,0,0.007947998121380806,-0.019406000152230263,0.999779999256134,0,0,1.0247700214385986,0,1,0.999966025352478,0.008109000511467457,0.0014939997345209122,0,-0.008140000514686108,0.9997239708900452,0.022036999464035034,0,-0.0013149997685104609,-0.022048000246286392,0.9997559785842896,0,0,1.1528669595718384,0,1,0.9999600052833557,0.008564000949263573,0.002533999737352133,0,-0.008771001361310482,0.9951469898223877,0.09801200032234192,0,-0.0016819997690618038,-0.09803000092506409,0.9951819777488708,0,0,0.44932299852371216,-0.12227500230073929,1,0.3506380021572113,0.02033800072968006,-0.9362900257110596,0,0.7736849784851074,-0.5696290135383606,0.2773689925670624,0,-0.5276970267295837,-0.8216500282287598,-0.21546900272369385,0,0.3702090084552765,0.9034029841423035,0.019123999401926994,1,0.926147997379303,0.3319759964942932,-0.17900002002716064,0,-0.17478500306606293,0.7983419895172119,0.5762810111045837,0,0.334214985370636,-0.502435028553009,0.7974079847335815,0,0,0.8895230293273926,0,1,0.9811000227928162,0.024253997951745987,0.1919739991426468,0,-0.024295998737215996,0.9997029900550842,-0.002132999710738659,0,-0.19196799397468567,-0.002571999793872237,0.9813979864120483,0,0,1.5244580507278442,0,1,0.8422579765319824,-0.07401100546121597,0.5339699983596802,0,0.02510000392794609,0.9948400259017944,0.09829899668693542,0,-0.5384899973869324,-0.06938999891281128,0.8397700190544128,0,0,1.2489010095596313,0,1,-0.1340239942073822,0.1309719979763031,-0.9822850227355957,0,-0.003751999931409955,0.9911540150642395,0.13266600668430328,0,0.990971028804779,0.021466000005602837,-0.1323470026254654,0,0,0.31888800859451294,0,1,0.9595829844474792,0.28142398595809937,-0.0005879999953322113,0,-0.2684299945831299,0.9158989787101746,0.2984519898891449,0,0.08453000336885452,-0.28623199462890625,0.9544249773025513,0,0,0.26787400245666504,0,1,0.9977989792823792,0.06324099749326706,-0.019961999729275703,0,-0.0626939982175827,0.997668981552124,0.026945000514388084,0,0.021619999781250954,-0.025634000077843666,0.9994379878044128,0,-0.008700000122189522,0.4375480115413666,-0.1291469931602478,1,0.31854701042175293,-0.020028000697493553,0.9476950168609619,0,-0.758437991142273,-0.6050930023193359,0.24214500188827515,0,0.5685939788818359,-0.7959030270576477,-0.2079409956932068,0,-0.3702090084552765,0.9033920168876648,0.018976999446749687,1,0.8546069860458374,-0.373320996761322,0.36094099283218384,0,0.18342599272727966,0.8673040270805359,0.46275100111961365,0,-0.48580101132392883,-0.3292649984359741,0.8096809983253479,0,0,0.8895230293273926,0,1,0.9698399901390076,-0.11262299865484238,-0.21616299450397491,0,0.11290399730205536,0.9935439825057983,-0.011090000160038471,0,0.2160169929265976,-0.013650000095367432,0.9762939810752869,0,0,1.5236810445785522,0,1,0.9416319727897644,0.07173199951648712,-0.32891198992729187,0,-0.03415900096297264,0.9923509955406189,0.11862800270318985,0,0.3349060118198395,-0.10046900063753128,0.9368799924850464,0,0,1.2428539991378784,0,1,-0.26226601004600525,-0.11343199759721756,0.9583060145378113,0,0.009069999679923058,0.9927340149879456,0.11998999863862991,0,-0.9649530053138733,0.040160998702049255,-0.25933098793029785,0,0,0.418518990278244,0,1,0.9703909754753113,-0.24079300463199615,0.01899000070989132,0,0.20093600451946259,0.8483920097351074,0.4897499978542328,0,-0.1340399980545044,-0.47143301367759705,0.8716560006141663,0,0,0.27494001388549805,0,1,0.9971539974212646,-0.06420300155878067,0.03953099995851517,0,0.06404899805784225,0.9979329705238342,0.005154999904334545,0,-0.03977999836206436,-0.0026080000679939985,0.9992049932479858,0,0.022652000188827515,0.32494598627090454,-0.19463799893856049,1,-0.9494109749794006,-0.14163999259471893,0.2802799940109253,0,0.20526400208473206,-0.9553560018539429,0.2125129997730255,0,0.2376669943332672,0.25929298996925354,0.9360989928245544,0,1.0353569984436035,-0.42574799060821533,0.1597750037908554,1,0.9982420206069946,0.05842199921607971,0.009953005239367485,0,-0.04961000010371208,0.9156360030174255,-0.398934006690979,0,-0.03242000192403793,0.3977389931678772,0.9169250130653381,0,0,1.9974199533462524,0,1,0.9830390214920044,-0.15652300417423248,0.09557399898767471,0,0.002923001069575548,0.5344409942626953,0.8452010154724121,0,-0.18337200582027435,-0.8305860161781311,0.5258340239524841,0,0,2.7068159580230713,0,1,0.9685329794883728,-0.027274999767541885,0.2473839968442917,0,-0.14863400161266327,0.7338690161705017,0.6628299951553345,0,-0.19962699711322784,-0.6787430047988892,0.7067229747772217,0,0,1.4843109846115112,0,1,-0.983128011226654,-0.030148999765515327,-0.18041500449180603,0,0.04103400185704231,-0.9975360035896301,-0.05691000819206238,0,-0.17825500667095184,-0.06335300952196121,0.9819430112838745,0,-1.0353569984436035,-0.42574799060821533,0.19483399391174316,1,0.9857630133628845,-0.05144399777054787,-0.1600780040025711,0,0.02511800080537796,0.9864180088043213,-0.1623239815235138,0,0.16625399887561798,0.15599198639392853,0.9736660122871399,0,0,1.9981110095977783,0,1,0.9887930154800415,0.09524700045585632,-0.11496099084615707,0,0.05185399577021599,0.5029889941215515,0.8627359867095947,0,0.13999800384044647,-0.8590289950370789,0.4924130141735077,0,0,2.706963062286377,0,1,0.9667810201644897,0.040929000824689865,-0.25230899453163147,0,0.15375499427318573,0.6954259872436523,0.7019559741020203,0,0.20419299602508545,-0.7174310088157654,0.666031002998352,0,0,1.4538400173187256,0,1
