10.267,30,308,33
B0,puss_Hips,-1,0.9981010556221008,-0.06101518124341965,0.008450867608189583,0,0.061590924859046936,0.9865241050720215,-0.15158075094223022,0,0.0009113505948334932,0.15181297063827515,0.9884089827537537,0,-0.22987119853496552,5.871241092681885,-0.18404553830623627,1
B1,puss_Spine,0,0.9840898513793945,0.17764560878276825,-0.0031393812969326973,0,-0.1745792180299759,0.970082700252533,0.16870775818824768,0,0.03301631286740303,-0.1654747724533081,0.9856610298156738,0,0,0.7809010148048401,0.045187000185251236,1
B2,puss_Spine1,1,0.9994999766349792,-0.031599678099155426,-0.0008459075470454991,0,0.031603679060935974,0.9994900226593018,0.0045072464272379875,0,0.0007029075641185045,-0.004532215651124716,0.9999889731407166,0,0,0.9125760197639465,0,1
B3,puss_Spine2,2,0.9994999766349792,-0.03161461651325226,-0.00035996921360492706,0,0.03161564841866493,0.999489963054657,0.004600184969604015,0,0.00021493837994057685,-0.004609184805303812,0.9999889731407166,0,0,1.042943000793457,0,1
B4,puss_Neck,3,0.9983076453208923,0.03057887963950634,0.04945977404713631,0,-0.030705589801073074,0.9995272159576416,0.0018034649547189474,0,-0.04938134178519249,-0.003318787319585681,0.9987743496894836,0,0,1.1733109951019287,0,1
B5,puss_Head,4,0.9983076453208923,0.027670374140143394,0.05114327743649483,0,-0.030705589801073074,0.9977533221244812,0.05954146385192871,0,-0.04938134178519249,-0.06101175770163536,0.9969145059585571,0,0,0.2410459965467453,-0.07797999680042267,1
B6,puss_HeadTop_End,5,1,0,0,0,0,1,0,0,0,0,1,0,0,1.9643460512161255,-0.6354759931564331,1
B7,puss_LeftShoulder,3,0.30916520953178406,0.020684609189629555,-0.9507836699485779,0,0.7835111021995544,-0.5721799731254578,0.24232521653175354,0,-0.539006769657135,-0.8198674321174622,-0.19310468435287476,0,0.3703800141811371,0.8734250068664551,0.017340000718832016,1
B8,puss_LeftArm,7,0.9257491827011108,0.297868549823761,-0.232945516705513,0,-0.16411016881465912,0.8714756965637207,0.4621671140193939,0,0.34067073464393616,-0.38962236046791077,0.8556501269340515,0,0,0.9503470063209534,0,1
B9,puss_LeftForeArm,8,0.9886491894721985,0.14365006983280182,0.044018782675266266,0,-0.14322908222675323,0.9896091818809509,-0.012588907964527607,0,-0.04536978527903557,0.006140999961644411,0.9989510178565979,0,0,1.4749740362167358,0,1
B10,puss_LeftHand,9,0.8796954154968262,0.1848374456167221,-0.43814393877983093,0,-0.19697996973991394,0.9802420139312744,0.018037935718894005,0,0.4328213632106781,0.0704381912946701,0.8987240195274353,0,0,1.3325430154800415,0,1
B11,puss_LeftHandIndex1,10,0.02655673213303089,0.14700371026992798,-0.9887794852256775,0,-0.06666328758001328,0.9871864318847656,0.14497648179531097,0,0.9974221587181091,0.06206553801894188,0.03601616621017456,0,0,0.2732810080051422,0,1
B12,puss_LeftHandIndex2,11,0.9986700415611267,0.051485273987054825,-0.002859999891370535,0,-0.048479337245225906,0.9563561081886292,0.28815388679504395,0,0.017570506781339645,-0.28763189911842346,0.957580029964447,0,0,0.26787400245666504,0,1
B13,puss_LeftHandIndex3,12,0.9988991022109985,0.044577088207006454,-0.014595446176826954,0,-0.04415908828377724,0.9986361265182495,0.027853814885020256,0,0.01581738330423832,-0.027178877964615822,0.9995050430297852,0,-0.009290000423789024,0.4375480115413666,-0.12910600006580353,1
B14,puss_LeftHandIndex4,13,1,0,0,0,0,1,0,0,0,0,1,0,-0.023817000910639763,0.23882600665092468,-0.07539399713277817,1
B15,puss_RightShoulder,3,0.04377245903015137,-0.009190876968204975,0.9989991784095764,0,-0.6527408957481384,-0.7572720646858215,0.02163398079574108,0,0.7563152313232422,-0.6530348658561707,-0.03914669156074524,0,-0.3703800141811371,0.8734269738197327,0.017364999279379845,1
B16,puss_RightArm,15,0.87671959400177,-0.28835979104042053,0.38498353958129883,0,0.2063198834657669,0.9484540224075317,0.2405577003955841,0,-0.434505432844162,-0.13147146999835968,0.8910218477249146,0,0,0.9503470063209534,0,1
B17,puss_RightForeArm,16,0.9740262031555176,-0.2187502384185791,-0.058494649827480316,0,0.21787621080875397,0.9757502675056458,-0.02100536972284317,0,0.06167073920369148,0.007716000080108643,0.9980669617652893,0,0,1.4746880531311035,0,1
B18,puss_RightHand,17,0.9670568704605103,-0.2302055060863495,0.10866031050682068,0,0.21361437439918518,0.966025173664093,0.145479217171669,0,-0.1384584754705429,-0.11747509986162186,0.9833757877349854,0,0,1.329787015914917,0,1
B19,puss_RightHandIndex1,18,-0.10523190349340439,-0.10868725925683975,0.9884899258613586,0,0.016414767131209373,0.9936840534210205,0.11100523173809052,0,-0.9943123459815979,0.02790696918964386,-0.10278371721506119,0,0,0.3713949918746948,0,1
B20,puss_RightHandIndex2,19,0.9234059453010559,-0.3832603991031647,0.02019738033413887,0,0.32396185398101807,0.8065874576568604,0.4944171905517578,0,-0.20578086376190186,-0.4500046670436859,0.868989884853363,0,0,0.27494001388549805,0,1
B21,puss_RightHandIndex3,20,0.9794113039970398,-0.17208516597747803,0.10524150729179382,0,0.172002911567688,0.9850226640701294,0.009964329190552235,0,-0.10537628084421158,0.00837020855396986,0.9943882822990417,0,0.02283100038766861,0.32494598627090454,-0.19461700320243835,1
B22,puss_RightHandIndex4,21,1,0,0,0,0,1,0,0,0,0,1,0,0.03095499984920025,0.20852600038051605,-0.1302410066127777,1
B23,puss_LeftUpLeg,0,-0.8900216817855835,-0.29361191391944885,0.34878790378570557,0,0.3473212420940399,-0.9322345852851868,0.1015179231762886,0,0.29534539580345154,0.21149426698684692,0.9316866993904114,0,1.0641169548034668,-0.4338339865207672,0.0879639983177185,1
B24,puss_LeftLeg,23,0.9994603395462036,-0.020638277754187584,0.0255622286349535,0,0.03140786290168762,0.8285027742385864,-0.5591036081314087,0,-0.009638991206884384,0.5596043467521667,0.8287034034729004,0,0,2.237494945526123,0,1
B25,puss_LeftFoot,24,0.9799768924713135,-0.19853928685188293,0.015111375600099564,0,0.048436060547828674,0.31131067872047424,0.9490731954574585,0,-0.19313326478004456,-0.9293369650840759,0.3146941065788269,0,0,2.562335968017578,0,1
B26,puss_LeftToeBase,25,0.9811499714851379,-0.003270045155659318,0.19321805238723755,0,-0.09658515453338623,0.8577150702476501,0.5049704909324646,0,-0.16737699508666992,-0.5141145586967468,0.8412321209907532,0,0,1.5259289741516113,0,1
B27,puss_LeftToe_End,26,1,0,0,0,0,1,0,0,0,0,1,0,0,0.596900999546051,0,1
B28,puss_RightUpLeg,0,-0.9826102256774902,-0.053015999495983124,0.1779497265815735,0,0.05572349950671196,-0.998393714427948,0.010252864100039005,0,0.17712077498435974,0.019990280270576477,0.9839865565299988,0,-1.0641169548034668,-0.4338339865207672,0.09081599861383438,1
B29,puss_RightLeg,28,0.9808844923973083,0.0589754655957222,-0.18543747067451477,0,-0.1344596892595291,0.8942868709564209,-0.4268161356449127,0,0.14066295325756073,0.4435916543006897,0.8851215839385986,0,0,2.237520933151245,0,1
B30,puss_RightFoot,29,0.8862294554710388,0.1237066239118576,-0.44642338156700134,0,0.3873720169067383,0.33059242367744446,0.8606113195419312,0,0.25404661893844604,-0.9356306791305542,0.24505960941314697,0,0,2.563101053237915,0,1
B31,puss_RightToeBase,30,0.9829049706459045,0,-0.18411299586296082,0,0.10212499648332596,0.8320580124855042,0.5452070236206055,0,0.15319299697875977,-0.5546889901161194,0.8178340196609497,0,0,1.3862559795379639,0,1
B32,puss_RightToe_End,31,1,0,0,0,0,1,0,0,0,0,1,0,0,0.5651929974555969,0,1
@28,0,1,2,3,4,5,7,8,9,10,11,12,13,15,16,17,18,19,20,21,23,24,25,26,28,29,30,31
K0.000,0.9980639815330505,-0.06140799820423126,0.009916000068187714,0,0.062203001230955124,0.9858589768409729,-0.1556050032377243,0,-0.0002209999947808683,0.15591999888420105,0.9877700209617615,0,-0.22956900298595428,5.871565818786621,-0.19204500317573547,1,0.9837160110473633,0.17968900501728058,-0.0038449999410659075,0,-0.17673900723457336,0.9710090160369873,0.16095100343227386,0,0.03265500068664551,-0.15765100717544556,0.9869549870491028,0,0,0.7809010148048401,0.045187000185251236,1,0.9994829893112183,-0.03214100003242493,-0.0007949999999254942,0,0.03214399889111519,0.9994750022888184,0.00406600022688508,0,0.0006639999919570982,-0.004089999943971634,0.9999909996986389,0,0,0.9125760197639465,0,1,0.9994829893112183,-0.03215299919247627,-0.0003169999981764704,0,0.03215400129556656,0.9994739890098572,0.004160999786108732,0,0.0001829999964684248,-0.004170000087469816,0.9999909996986389,0,0,1.042943000793457,0,1,0.9984400272369385,0.028793999925255775,0.047828998416662216,0,-0.028965000063180923,0.9995759725570679,0.0028880001045763493,0,-0.047724999487400055,-0.004267999902367592,0.9988510012626648,0,0,1.1733109951019287,0,1,0.9984400272369385,0.025983000174164772,0.04941200092434883,0,-0.028965000063180923,0.9977399706840515,0.06062699854373932,0,-0.047724999487400055,-0.061962999403476715,0.9969369769096375,0,0,0.2410459965467453,-0.07797999680042267,1,0.29026100039482117,0.01992800086736679,-0.9567400217056274,0,0.7875319719314575,-0.5729460120201111,0.22699199616909027,0,-0.5436369776725769,-0.8193510174751282,-0.18199799954891205,0,0.3703800141811371,0.8734250068664551,0.017340000718832016,1,0.9230309724807739,0.3055869936943054,-0.23373199999332428,0,-0.1706780046224594,0.8697270154953003,0.4630810022354126,0,0.34479498863220215,-0.38754498958587646,0.8549420237541199,0,0,0.9503470063209534,0,1,0.9886710047721863,0.1435060054063797,0.04398899897933006,0,-0.1430860012769699,0.9896299839019775,-0.012574000284075737,0,-0.04533800110220909,0.006136999931186438,0.9989529848098755,0,0,1.4749740362167358,0,1,0.8785619735717773,0.18272900581359863,-0.4412919878959656,0,-0.19240200519561768,0.9810429811477661,0.023176999762654305,0,0.43716099858283997,0.06454300135374069,0.8970639705657959,0,0,1.3325430154800415,0,1,0.026412000879645348,0.1446949988603592,-0.9891240000724792,0,-0.06639699637889862,0.9875379800796509,0.1426900029182434,0,0.9974439740180969,0.06190599873661995,0.03568999841809273,0,0,0.2732810080051422,0,1,0.9986870288848877,0.05114499852061272,-0.0028609998989850283,0,-0.04815300181508064,0.9563800096511841,0.288129985332489,0,0.017472999170422554,-0.28761398792266846,0.9575870037078857,0,0,0.26787400245666504,0,1,0.9989240169525146,0.04407399892807007,-0.014449000358581543,0,-0.0436599999666214,0.9986590147018433,0.02780899964272976,0,0.015654999762773514,-0.027148999273777008,0.9995089769363403,0,-0.009290000423789024,0.4375480115413666,-0.12910600006580353,1,0.03703000023961067,-0.00993799977004528,0.9992650151252747,0,-0.6483150124549866,-0.7611939907073975,0.016454000025987625,0,0.760470986366272,-0.6484479904174805,-0.034630000591278076,0,-0.3703800141811371,0.8734269738197327,0.017364999279379845,1,0.8763350248336792,-0.2911149859428406,0.3837830126285553,0,0.2109380066394806,0.9481880068778992,0.2375819981098175,0,-0.43306198716163635,-0.12724700570106506,0.8923370242118835,0,0,0.9503470063209534,0,1,0.9753990173339844,-0.21286000311374664,-0.05733900144696236,0,0.21202699840068817,0.9770529866218567,-0.020302999764680862,0,0.06034500151872635,0.007646000012755394,0.9981480240821838,0,0,1.4746880531311035,0,1,0.966310977935791,-0.2332330048084259,0.10883399844169617,0,0.2166679948568344,0.9653990268707275,0.14512400329113007,0,-0.1389160007238388,-0.11665400117635727,0.9834089875221252,0,0,1.329787015914917,0,1,-0.10327400267124176,-0.11110100150108337,0.9884290099143982,0,0.02444400079548359,0.9931589961051941,0.11418700218200684,0,-0.9943529963493347,0.03595300018787384,-0.09985099732875824,0,0,0.3713949918746948,0,1,0.9564939737319946,-0.291157990694046,0.018604999408125877,0,0.24359700083732605,0.8320890069007874,0.49828600883483887,0,-0.1605609953403473,-0.4720759987831116,0.8668130040168762,0,0,0.27494001388549805,0,1,0.9951720237731934,-0.08354800194501877,0.051493000239133835,0,0.0831490010023117,0.9964879751205444,0.009844999760389328,0,-0.05213399976491928,-0.0055160000920295715,0.9986249804496765,0,0.02283100038766861,0.32494598627090454,-0.19461700320243835,1,-0.8894479870796204,-0.29519298672676086,0.34891700744628906,0,0.3478899896144867,-0.9323999881744385,0.09799599647521973,0,0.2964020073413849,0.20854699611663818,0.9320160150527954,0,1.0641169548034668,-0.4338339865207672,0.0879639983177185,1,0.999459981918335,-0.0208359993994236,0.025418000295758247,0,0.03148699924349785,0.8287690281867981,-0.5587040185928345,0,-0.009425000287592411,0.559203028678894,0.8289769887924194,0,0,2.237494945526123,0,1,0.9800450205802917,-0.19812700152397156,0.016032999381422997,0,0.04764899984002113,0.31247198581695557,0.948731005191803,0,-0.19297899305820465,-0.9290350079536438,0.3156769871711731,0,0,2.562335968017578,0,1,0.9811490178108215,-0.003163000103086233,0.19322599470615387,0,-0.09660200029611588,0.8579540252685547,0.5045620203018188,0,-0.16737499833106995,-0.513716995716095,0.8414750099182129,0,0,1.5259289741516113,0,1,-0.9824090003967285,-0.053654998540878296,0.17886799573898315,0,0.055814001709222794,-0.998416006565094,0.007058999966830015,0,0.17820599675178528,0.01691799983382225,0.983847975730896,0,-1.0641169548034668,-0.4338339865207672,0.09081599861383438,1,0.9809389710426331,0.0596730001270771,-0.18492400646209717,0,-0.13465499877929688,0.8948739767074585,-0.42552199959754944,0,0.14009200036525726,0.44231200218200684,0.8858519792556763,0,0,2.237520933151245,0,1,0.8866770267486572,0.12228000164031982,-0.44592800736427307,0,0.38673099875450134,0.33252599835395813,0.8601539731025696,0,0.2534619867801666,-0.9351329803466797,0.2475530058145523,0,0,2.563101053237915,0,1,0.9829049706459045,0,-0.18411299586296082,0,0.10212499648332596,0.832056999206543,0.5452070236206055,0,0.15319299697875977,-0.5546889901161194,0.8178330063819885,0,0,1.3862559795379639,0,1
K0.033,0.998054027557373,-0.0615370012819767,0.010055001825094223,0,0.062352001667022705,0.9859129786491394,-0.15520399808883667,0,-0.0003630017745308578,0.15552900731563568,0.9878309965133667,0,-0.22960899770259857,5.871557235717773,-0.19173899292945862,1,0.9837020039558411,0.1797659993171692,-0.0038739994633942842,0,-0.176814004778862,0.9710140228271484,0.1608400046825409,0,0.03267600014805794,-0.15753300487995148,0.986972987651825,0,0,0.7809010148048401,0.045187000185251236,1,0.9994850158691406,-0.03208399564027786,-0.0008000001544132829,0,0.032086994498968124,0.9994760155677795,0.004140001256018877,0,0.0006670001312159002,-0.004164001438766718,0.9999909996986389,0,0,0.9125760197639465,0,1,0.9994850158691406,-0.03209599480032921,-0.0003220001526642591,0,0.032096996903419495,0.9994760155677795,0.0042340015061199665,0,0.0001860001211753115,-0.004243001341819763,0.9999909996986389,0,0,1.042943000793457,0,1,0.9984380006790161,0.02876499854028225,0.047905001789331436,0,-0.02894499897956848,0.9995759725570679,0.003053999738767743,0,-0.04779699817299843,-0.004435999318957329,0.9988470077514648,0,0,1.1733109951019287,0,1,0.9984380006790161,0.025949997827410698,0.04948600009083748,0,-0.02894499897956848,0.9977309703826904,0.06079300120472908,0,-0.04779699817299843,-0.06213099882006645,0.99692302942276,0,0,0.2410459965467453,-0.07797999680042267,1,0.29088500142097473,0.019975997507572174,-0.9565489888191223,0,0.7875339984893799,-0.5727310180664062,0.22752802073955536,0,-0.5432999730110168,-0.8195000290870667,-0.18233001232147217,0,0.3703800141811371,0.8734250068664551,0.017340000718832016,1,0.9232519865036011,0.3052220046520233,-0.2333340048789978,0,-0.17042499780654907,0.8696720004081726,0.46327701210975647,0,0.344325989484787,-0.38795599341392517,0.8549439907073975,0,0,0.9503470063209534,0,1,0.9886710047721863,0.1435060054063797,0.04398899897933006,0,-0.1430860012769699,0.9896299839019775,-0.012574000284075737,0,-0.04533800110220909,0.006138000171631575,0.9989529848098755,0,0,1.4749740362167358,0,1,0.8780630230903625,0.18378500640392303,-0.4418469965457916,0,-0.19354599714279175,0.9808139801025391,0.023340994492173195,0,0.43765899538993835,0.06502299755811691,0.8967869877815247,0,0,1.3325430154800415,0,1,0.026286998763680458,0.14500699937343597,-0.9890810251235962,0,-0.06575299054384232,0.9875310063362122,0.1430319994688034,0,0.9974899888038635,0.061274994164705276,0.03549399599432945,0,0,0.2732810080051422,0,1,0.9986870288848877,0.05114499852061272,-0.0028609998989850283,0,-0.04815300181508064,0.9563800096511841,0.288129985332489,0,0.017472999170422554,-0.28761398792266846,0.9575870037078857,0,0,0.26787400245666504,0,1,0.9989209771156311,0.04413200169801712,-0.014464999549090862,0,-0.043717000633478165,0.9986569881439209,0.027814000844955444,0,0.015673000365495682,-0.02715199999511242,0.9995080232620239,0,-0.009290000423789024,0.4375480115413666,-0.12910600006580353,1,0.037161000072956085,-0.009880999103188515,0.9992600083351135,0,-0.6487759947776794,-0.7607979774475098,0.016604002565145493,0,0.7600709795951843,-0.6489130258560181,-0.034683000296354294,0,-0.3703800141811371,0.8734269738197327,0.017364999279379845,1,0.8760539889335632,-0.2909489870071411,0.384550005197525,0,0.2105260044336319,0.9482210278511047,0.2378149926662445,0,-0.43383100628852844,-0.12738099694252014,0.8919439911842346,0,0,0.9503470063209534,0,1,0.9750419855117798,-0.2144080102443695,-0.05764300376176834,0,0.21356502175331116,0.976714015007019,-0.020487001165747643,0,0.06069400534033775,0.007664999924600124,0.9981269836425781,0,0,1.4746880531311035,0,1,0.9666000008583069,-0.2321079969406128,0.10867700725793839,0,0.2155340015888214,0.9656230211257935,0.14531899988651276,0,-0.13867099583148956,-0.11704200506210327,0.9833980202674866,0,0,1.329787015914917,0,1,-0.10305599868297577,-0.11116098612546921,0.988444983959198,0,0.02601400762796402,0.9930949807167053,0.11439598351716995,0,-0.9943349957466125,0.03750200569629669,-0.09945199638605118,0,0,0.3713949918746948,0,1,0.9584680199623108,-0.2845970392227173,0.0185100007802248,0,0.2378850281238556,0.8335750102996826,0.49856099486351013,0,-0.15731801092624664,-0.47345200181007385,0.866657018661499,0,0,0.27494001388549805,0,1,0.9958840012550354,-0.0771229937672615,0.04762399569153786,0,0.07672999054193497,0.9970020055770874,0.010022999718785286,0,-0.04825499653816223,-0.006328001152724028,0.9988150000572205,0,0.02283100038766861,0.32494598627090454,-0.19461700320243835,1,-0.889394998550415,-0.2952040135860443,0.34904199838638306,0,0.34806299209594727,-0.9322909712791443,0.09841199964284897,0,0.29635700583457947,0.20901599526405334,0.9319249987602234,0,1.0641169548034668,-0.4338339865207672,0.0879639983177185,1,0.999459981918335,-0.020711997523903847,0.025527002289891243,0,0.03144700080156326,0.8286319971084595,-0.5589100122451782,0,-0.009576002135872841,0.5594099760055542,0.8288360238075256,0,0,2.237494945526123,0,1,0.9800249934196472,-0.19823400676250458,0.01596999727189541,0,0.04771300032734871,0.31231701374053955,0.9487789869308472,0,-0.1930679976940155,-0.9290649890899658,0.3155370056629181,0,0,2.562335968017578,0,1,0.9811499714851379,-0.003216999350115657,0.19322200119495392,0,-0.09659299999475479,0.8578349947929382,0.5047670006752014,0,-0.16737599670886993,-0.513916015625,0.8413540124893188,0,0,1.5259289741516113,0,1,-0.9823799729347229,-0.05381700024008751,0.17897599935531616,0,0.05604200065135956,-0.9984009861946106,0.007398005109280348,0,0.17829200625419617,0.017297005280852318,0.9838259816169739,0,-1.0641169548034668,-0.4338339865207672,0.09081599861383438,1,0.9809560179710388,0.0596109963953495,-0.18485599756240845,0,-0.13455499708652496,0.894927978515625,-0.4254400134086609,0,0.14007200300693512,0.44221100211143494,0.8859059810638428,0,0,2.237520933151245,0,1,0.886618971824646,0.1222820058465004,-0.446042001247406,0,0.3868269920349121,0.33257800340652466,0.860090970993042,0,0.2535179853439331,-0.9351140260696411,0.24756799638271332,0,0,2.563101053237915,0,1,0.9829049706459045,0,-0.18411299586296082,0,0.10212499648332596,0.832056999206543,0.5452070236206055,0,0.15319299697875977,-0.5546889901161194,0.8178340196609497,0,0,1.3862559795379639,0,1
K0.067,0.9980530142784119,-0.06153099983930588,0.010228998027741909,0,0.062373001128435135,0.9859229922294617,-0.15512800216674805,0,-0.0005389982252381742,0.15546399354934692,0.987841010093689,0,-0.22933900356292725,5.8709821701049805,-0.19106000661849976,1,0.9837300181388855,0.1796099990606308,-0.0038340005557984114,0,-0.1766590029001236,0.9710080027580261,0.16104599833488464,0,0.0326480008661747,-0.1577489972114563,0.986939013004303,0,0,0.7809010148048401,0.045187000185251236,1,0.9994909763336182,-0.03188600391149521,-0.0008159998105838895,0,0.03188900277018547,0.9994819760322571,0.004268998745828867,0,0.0006789998733438551,-0.004291998688131571,0.9999909996986389,0,0,0.9125760197639465,0,1,0.9994909763336182,-0.03189700469374657,-0.00033699985942803323,0,0.031898003071546555,0.9994819760322571,0.004361998755484819,0,0.0001979998778551817,-0.004370998591184616,0.9999899864196777,0,0,1.042943000793457,0,1,0.9984380006790161,0.028631001710891724,0.047979000955820084,0,-0.02881000190973282,0.9995800256729126,0.0030310002621263266,0,-0.04787199944257736,-0.004409000277519226,0.9988440275192261,0,0,1.1733109951019287,0,1,0.9984380006790161,0.025812001898884773,0.049552999436855316,0,-0.02881000190973282,0.9977359771728516,0.060770001262426376,0,-0.04787199944257736,-0.06210299953818321,0.9969210028648376,0,0,0.2410459965467453,-0.07797999680042267,1,0.29214799404144287,0.019840002059936523,-0.9561669826507568,0,0.7865980267524719,-0.5736569762229919,0.2284339815378189,0,-0.5439800024032593,-0.8188560009002686,-0.1831979900598526,0,0.3703800141811371,0.8734250068664551,0.017340000718832016,1,0.9233760237693787,0.30467599630355835,-0.2335589975118637,0,-0.17018799483776093,0.8702120184898376,0.4623500108718872,0,0.34411299228668213,-0.38717401027679443,0.8553850054740906,0,0,0.9503470063209534,0,1,0.9886710047721863,0.1435060054063797,0.04398899897933006,0,-0.1430860012769699,0.9896299839019775,-0.012574000284075737,0,-0.045336998999118805,0.006138000171631575,0.9989529848098755,0,0,1.4749740362167358,0,1,0.8786849975585938,0.1833070069551468,-0.4408079981803894,0,-0.19321300089359283,0.9808930158615112,0.022758005186915398,0,0.43655699491500854,0.06517300009727478,0.8973129987716675,0,0,1.3325430154800415,0,1,0.026156002655625343,0.1456100046634674,-0.9889960289001465,0,-0.06506800651550293,0.9874849915504456,0.14366699755191803,0,0.9975379705429077,0.06059500575065613,0.03530300408601761,0,0,0.2732810080051422,0,1,0.9986860156059265,0.05116900056600571,-0.0028609998989850283,0,-0.04817600175738335,0.9563779830932617,0.2881309986114502,0,0.017480000853538513,-0.28761500120162964,0.9575870037078857,0,0,0.26787400245666504,0,1,0.9989179968833923,0.04418399930000305,-0.014480000361800194,0,-0.043768998235464096,0.9986540079116821,0.02781900018453598,0,0.015690000727772713,-0.02715500071644783,0.9995080232620239,0,-0.009290000423789024,0.4375480115413666,-0.12910600006580353,1,0.03732899948954582,-0.009833000600337982,0.9992550015449524,0,-0.649482011795044,-0.7601919770240784,0.01678299903869629,0,0.7594599723815918,-0.6496250033378601,-0.03476300090551376,0,-0.3703800141811371,0.8734269738197327,0.017364999279379845,1,0.8760200142860413,-0.29102298617362976,0.38457199931144714,0,0.2103630006313324,0.9481329917907715,0.23830899596214294,0,-0.43397900462150574,-0.12786400318145752,0.8918030261993408,0,0,0.9503470063209534,0,1,0.974819004535675,-0.21536698937416077,-0.05783199518918991,0,0.21451698243618011,0.9765030145645142,-0.020600998774170876,0,0.060909997671842575,0.007675999775528908,0.9981139898300171,0,0,1.4746880531311035,0,1,0.9666829705238342,-0.23152099549770355,0.10918299108743668,0,0.21482500433921814,0.9657130241394043,0.1457660049200058,0,-0.1391880065202713,-0.11745399236679077,0.9832760095596313,0,0,1.329787015914917,0,1,-0.1029609963297844,-0.10951201617717743,0.9886379837989807,0,0.026758993044495583,0.9932559728622437,0.11281101405620575,0,-0.9943249821662903,0.03806999325752258,-0.09933699667453766,0,0,0.3713949918746948,0,1,0.9575459957122803,-0.28768396377563477,0.018554000183939934,0,0.2405719757080078,0.832880973815918,0.4984320104122162,0,-0.1588439792394638,-0.47280699014663696,0.8667299747467041,0,0,0.27494001388549805,0,1,0.9959629774093628,-0.07636600732803345,0.0471700020134449,0,0.0759740099310875,0.9970589876174927,0.01004599966108799,0,-0.04779800400137901,-0.006421999074518681,0.9988359808921814,0,0.02283100038766861,0.32494598627090454,-0.19461700320243835,1,-0.8893280029296875,-0.2952139973640442,0.34920400381088257,0,0.3481920063495636,-0.932217001914978,0.09866199642419815,0,0.2964079976081848,0.20933300256729126,0.9318379759788513,0,1.0641169548034668,-0.4338339865207672,0.0879639983177185,1,0.9994580149650574,-0.02060600183904171,0.025676997378468513,0,0.03145100176334381,0.8281509876251221,-0.5596209764480591,0,-0.009732997976243496,0.560126006603241,0.8283500075340271,0,0,2.237494945526123,0,1,0.9800119996070862,-0.19830499589443207,0.015842001885175705,0,0.04774700105190277,0.3117710053920746,0.9489570260047913,0,-0.193121999502182,-0.9292330145835876,0.3150080144405365,0,0,2.562335968017578,0,1,0.9811490178108215,-0.0031390006188303232,0.19322800636291504,0,-0.09660600125789642,0.8580080270767212,0.5044699907302856,0,-0.16737499833106995,-0.5136269927024841,0.8415300250053406,0,0,1.5259289741516113,0,1,-0.9823830127716064,-0.05384799838066101,0.17895099520683289,0,0.056164998561143875,-0.9983900189399719,0.007903994992375374,0,0.17823700606822968,0.017814993858337402,0.9838259816169739,0,-1.0641169548034668,-0.4338339865207672,0.09081599861383438,1,0.9809370040893555,0.05927000194787979,-0.18506500124931335,0,-0.1344909965991974,0.8944810032844543,-0.42640000581741333,0,0.14026400446891785,0.4431610107421875,0.8854010105133057,0,0,2.237520933151245,0,1,0.8866299986839294,0.12269598990678787,-0.44590601325035095,0,0.38671499490737915,0.3321149945259094,0.8603209853172302,0,0.2536500096321106,-0.9352250099182129,0.24701400101184845,0,0,2.563101053237915,0,1,0.9829049706459045,0,-0.18411299586296082,0,0.10212499648332596,0.8320580124855042,0.5452070236206055,0,0.15319299697875977,-0.5546889901161194,0.8178340196609497,0,0,1.3862559795379639,0,1
K0.100,0.9980630278587341,-0.06139799952507019,0.009978000074625015,0,0.062203001230955124,0.9859279990196228,-0.15516500174999237,0,-0.0003110000106971711,0.15548500418663025,0.9878379702568054,0,-0.22905300557613373,5.870559215545654,-0.1902800053358078,1,0.9838039875030518,0.17921100556850433,-0.0035000001080334187,0,-0.17630599439144135,0.9710119962692261,0.16140399873256683,0,0.03232400119304657,-0.15817299485206604,0.9868819713592529,0,0,0.7809010148048401,0.045187000185251236,1,0.9994980096817017,-0.0316849984228611,-0.0008319999906234443,0,0.03168800100684166,0.9994879961013794,0.004422000143676996,0,0.0006910000229254365,-0.00444599986076355,0.9999899864196777,0,0,0.9125760197639465,0,1,0.9994980096817017,-0.03169500082731247,-0.0003530000103637576,0,0.03169599920511246,0.9994869828224182,0.004513000138103962,0,0.0002099999983329326,-0.004521999973803759,0.9999899864196777,0,0,1.042943000793457,0,1,0.9984449744224548,0.02844100072979927,0.04794599860906601,0,-0.028610000386834145,0.9995869994163513,0.002831999910995364,0,-0.04784499853849411,-0.00419900007545948,0.9988459944725037,0,0,1.1733109951019287,0,1,0.9984449744224548,0.025624999776482582,0.04950900003314018,0,-0.028610000386834145,0.9977539777755737,0.06057199835777283,0,-0.04784499853849411,-0.061893999576568604,0.9969350099563599,0,0,0.2410459965467453,-0.07797999680042267,1,0.2917500138282776,0.01988299936056137,-0.9562879800796509,0,0.7868689894676208,-0.5734009742736816,0.22814099490642548,0,-0.5437999963760376,-0.8190330266952515,-0.18293599784374237,0,0.3703800141811371,0.8734250068664551,0.017340000718832016,1,0.9230949878692627,0.3055979907512665,-0.23346300423145294,0,-0.17090299725532532,0.86981600522995,0.4628309905529022,0,0.3445099890232086,-0.3873380124568939,0.8551499843597412,0,0,0.9503470063209534,0,1,0.9886749982833862,0.14348000288009644,0.04398399963974953,0,-0.14305999875068665,0.9896339774131775,-0.012570999562740326,0,-0.04533199965953827,0.006136999931186438,0.9989529848098755,0,0,1.4749740362167358,0,1,0.8789139986038208,0.18244099617004395,-0.44071000814437866,0,-0.1924230009317398,0.9810569882392883,0.022376999258995056,0,0.4364440143108368,0.06513600051403046,0.8973709940910339,0,0,1.3325430154800415,0,1,0.0260390006005764,0.14633099734783173,-0.9888929724693298,0,-0.06446699798107147,0.9874150156974792,0.1444139927625656,0,0.9975799918174744,0.05999099835753441,0.035144999623298645,0,0,0.2732810080051422,0,1,0.9986820220947266,0.051245998591184616,-0.0028609998989850283,0,-0.048250000923871994,0.9563729763031006,0.28813600540161133,0,0.01750200055539608,-0.2876189947128296,0.9575849771499634,0,0,0.26787400245666504,0,1,0.9989129900932312,0.04429100081324577,-0.014511999674141407,0,-0.04387500137090683,0.998649001121521,0.0278290007263422,0,0.015724999830126762,-0.02716200053691864,0.9995070099830627,0,-0.009290000423789024,0.4375480115413666,-0.12910600006580353,1,0.037571001797914505,-0.009802999906241894,0.9992460012435913,0,-0.650164008140564,-0.7596039772033691,0.016993999481201172,0,0.7588649988174438,-0.6503120064735413,-0.03491299971938133,0,-0.3703800141811371,0.8734269738197327,0.017364999279379845,1,0.8762329816818237,-0.29130199551582336,0.3838750123977661,0,0.21045799553394318,0.9479489922523499,0.2389560043811798,0,-0.4335019886493683,-0.12859199941158295,0.8919309973716736,0,0,0.9503470063209534,0,1,0.9748389720916748,-0.21528099477291107,-0.05781399831175804,0,0.2144320011138916,0.9765220284461975,-0.020591000095009804,0,0.06089000031352043,0.007675999775528908,0.9981150031089783,0,0,1.4746880531311035,0,1,0.9665160179138184,-0.2319130003452301,0.1098330020904541,0,0.21510900557041168,0.9656180143356323,0.1459829956293106,0,-0.13991199433803558,-0.11746799945831299,0.9831709861755371,0,0,1.329787015914917,0,1,-0.10295700281858444,-0.10794500261545181,0.9888110160827637,0,0.0268740002065897,0.9934290051460266,0.1112470030784607,0,-0.9943230152130127,0.038026999682188034,-0.0993800014257431,0,0,0.3713949918746948,0,1,0.9557960033416748,-0.29343798756599426,0.018637999892234802,0,0.2455819994211197,0.8315619826316833,0.4981899857521057,0,-0.1616870015859604,-0.4715909957885742,0.8668670058250427,0,0,0.27494001388549805,0,1,0.9957590103149414,-0.07828599959611893,0.04832400009036064,0,0.0778919979929924,0.9969120025634766,0.009988999925553799,0,-0.04895700141787529,-0.006182999815791845,0.9987819790840149,0,0.02283100038766861,0.32494598627090454,-0.19461700320243835,1,-0.8894219994544983,-0.29503899812698364,0.34911298751831055,0,0.348035991191864,-0.9322590231895447,0.09881599992513657,0,0.2963089942932129,0.2093929946422577,0.9318559765815735,0,1.0641169548034668,-0.4338339865207672,0.0879639983177185,1,0.9994590282440186,-0.020594999194145203,0.025637999176979065,0,0.03142499923706055,0.8278809785842896,-0.5600230097770691,0,-0.009690999984741211,0.5605250000953674,0.8280810117721558,0,0,2.237494945526123,0,1,0.9800189733505249,-0.19828000664710999,0.015776999294757843,0,0.047731999307870865,0.3114350140094757,0.949068009853363,0,-0.19309400022029877,-0.9293509721755981,0.3146759867668152,0,0,2.562335968017578,0,1,0.9811480045318604,-0.0030690000858157873,0.19323399662971497,0,-0.09661699831485748,0.8581640124320984,0.5042020082473755,0,-0.16737300157546997,-0.5133659839630127,0.8416889905929565,0,0,1.5259289741516113,0,1,-0.9824079871177673,-0.053748998790979385,0.17884300649166107,0,0.05609999969601631,-0.9983919858932495,0.00810800027102232,0,0.17812000215053558,0.01799900084733963,0.983843982219696,0,-1.0641169548034668,-0.4338339865207672,0.09081599861383438,1,0.9808099865913391,0.05883900076150894,-0.18587499856948853,0,-0.13458800315856934,0.8941059708595276,-0.42715299129486084,0,0.1410589963197708,0.44397300481796265,0.8848670125007629,0,0,2.237520933151245,0,1,0.8866350054740906,0.1231670007109642,-0.44576799869537354,0,0.3865950107574463,0.33161601424217224,0.8605669736862183,0,0.25381699204444885,-0.9353399872779846,0.24640700221061707,0,0,2.563101053237915,0,1,0.9829049706459045,0,-0.18411299586296082,0,0.10212499648332596,0.8320580124855042,0.5452070236206055,0,0.15319299697875977,-0.5546889901161194,0.8178340196609497,0,0,1.3862559795379639,0,1
K0.133,0.9980689883232117,-0.06135400012135506,0.009742001071572304,0,0.062123000621795654,0.9859600067138672,-0.1549929976463318,0,-0.00009500065789325163,0.15529899299144745,0.987866997718811,0,-0.22910399734973907,5.870672225952148,-0.18952497839927673,1,0.9838870167732239,0.17876100540161133,-0.00337200122885406,0,-0.1758749932050705,0.9710519909858704,0.16163499653339386,0,0.03216800466179848,-0.15843799710273743,0.9868450164794922,0,0,0.7809010148048401,0.045187000185251236,1,0.9994999766349792,-0.031592000275850296,-0.0008379998616874218,0,0.031596001237630844,0.9994909763336182,0.00448499945923686,0,0.0006959998863749206,-0.004508999641984701,0.9999899864196777,0,0,0.9125760197639465,0,1,0.9994999766349792,-0.031603001058101654,-0.00035999988904222846,0,0.03160399943590164,0.9994900226593018,0.004574999678879976,0,0.00021499989088624716,-0.004583999514579773,0.9999889731407166,0,0,1.042943000793457,0,1,0.9984310269355774,0.02872200310230255,0.04807699844241142,0,-0.0288930032402277,0.9995779991149902,0.002863000612705946,0,-0.04797400161623955,-0.004248001147061586,0.9988399744033813,0,0,1.1733109951019287,0,1,0.9984310269355774,0.025897003710269928,0.04965599998831749,0,-0.0288930032402277,0.9977440237998962,0.06060200184583664,0,-0.04797400161623955,-0.061941999942064285,0.9969260096549988,0,0,0.2410459965467453,-0.07797999680042267,1,0.290926992893219,0.020052002742886543,-0.9565349817276001,0,0.7877799868583679,-0.572363018989563,0.2276020050048828,0,-0.5429210066795349,-0.8197550177574158,-0.1823119968175888,0,0.3703800141811371,0.8734250068664551,0.017340000718832016,1,0.922851026058197,0.3065449893474579,-0.23318800330162048,0,-0.17146199941635132,0.8691099882125854,0.46394801139831543,0,0.34488698840141296,-0.3881720006465912,0.8546199798583984,0,0,0.9503470063209534,0,1,0.9886810183525085,0.1434450000524521,0.04397600144147873,0,-0.1430249959230423,0.9896389842033386,-0.012567000463604927,0,-0.04532400146126747,0.006134999915957451,0.9989539980888367,0,0,1.4749740362167358,0,1,0.8779240250587463,0.18292202055454254,-0.44248101115226746,0,-0.19326701760292053,0.9808989763259888,0.022043993696570396,0,0.438060998916626,0.06616401672363281,0.8965070247650146,0,0,1.3325430154800415,0,1,0.025905000045895576,0.14560700953006744,-0.9890030026435852,0,-0.06412100046873093,0.9875400066375732,0.14371201395988464,0,0.9976059794425964,0.059692997485399246,0.03491799905896187,0,0,0.2732810080051422,0,1,0.998682975769043,0.05122800171375275,-0.0028609998989850283,0,-0.048232000321149826,0.9563739895820618,0.28813600540161133,0,0.017496999353170395,-0.2876180112361908,0.9575849771499634,0,0,0.26787400245666504,0,1,0.9989129900932312,0.04430299997329712,-0.014515000395476818,0,-0.043887000530958176,0.998649001121521,0.02782999910414219,0,0.01572900079190731,-0.027163000777363777,0.9995070099830627,0,-0.009290000423789024,0.4375480115413666,-0.12910600006580353,1,0.037893008440732956,-0.009766998700797558,0.9992340207099915,0,-0.6502400040626526,-0.7595340013504028,0.017235005274415016,0,0.7587829828262329,-0.6503949761390686,-0.03513200208544731,0,-0.3703800141811371,0.8734269738197327,0.017364999279379845,1,0.8762699961662292,-0.2914179861545563,0.38370001316070557,0,0.21054600179195404,0.9478960037231445,0.2390899956226349,0,-0.4333829879760742,-0.12872099876403809,0.8919699788093567,0,0,0.9503470063209534,0,1,0.9749259948730469,-0.21490900218486786,-0.05774199962615967,0,0.21406300365924835,0.9766039848327637,-0.020546000450849533,0,0.060805998742580414,0.007670000195503235,0.9981200098991394,0,0,1.4746880531311035,0,1,0.9663829803466797,-0.23243600130081177,0.10989899933338165,0,0.21563799679279327,0.9655150175094604,0.14587900042533875,0,-0.14001600444316864,-0.11727599799633026,0.983178973197937,0,0,1.329787015914917,0,1,-0.10302499681711197,-0.10732699930667877,0.9888709783554077,0,0.026392992585897446,0.9935169816017151,0.11058100312948227,0,-0.9943289756774902,0.03749099373817444,-0.09952399879693985,0,0,0.3713949918746948,0,1,0.9540920257568359,-0.2989290654659271,0.018720000982284546,0,0.2503640651702881,0.8302729725837708,0.49796000123023987,0,-0.16439802944660187,-0.4704129993915558,0.866998016834259,0,0,0.27494001388549805,0,1,0.9953370094299316,-0.08210205286741257,0.050622034817934036,0,0.0817040503025055,0.9966080188751221,0.009881999343633652,0,-0.051262032240629196,-0.00569999311119318,0.9986690282821655,0,0.02283100038766861,0.32494598627090454,-0.19461700320243835,1,-0.8894699811935425,-0.29499000310897827,0.349032998085022,0,0.34797000885009766,-0.9322819709777832,0.0988290011882782,0,0.29624301195144653,0.20935900509357452,0.9318850040435791,0,1.0641169548034668,-0.4338339865207672,0.0879639983177185,1,0.999459981918335,-0.020789984613656998,0.025432003661990166,0,0.031468987464904785,0.8280159831047058,-0.5598199963569641,0,-0.009420011192560196,0.5603179931640625,0.8282240033149719,0,0,2.237494945526123,0,1,0.9800249934196472,-0.1982470154762268,0.015783000737428665,0,0.04771800339221954,0.3114509880542755,0.9490630030632019,0,-0.19306400418281555,-0.9293529987335205,0.3146899938583374,0,0,2.562335968017578,0,1,0.9811490178108215,-0.0031240000389516354,0.19323000311851501,0,-0.09660899639129639,0.8580399751663208,0.504414975643158,0,-0.16737499833106995,-0.5135740041732788,0.8415629863739014,0,0,1.5259289741516113,0,1,-0.9824240207672119,-0.05367300286889076,0.1787790060043335,0,0.05599899962544441,-0.998399019241333,0.007986991666257381,0,0.1780640035867691,0.0178579930216074,0.9838569760322571,0,-1.0641169548034668,-0.4338339865207672,0.09081599861383438,1,0.9808290004730225,0.058990005403757095,-0.18572898209095,0,-0.13462699949741364,0.8941969871520996,-0.42695096135139465,0,0.14089298248291016,0.4437699615955353,0.8849959969520569,0,0,2.237520933151245,0,1,0.8865309953689575,0.1231979951262474,-0.4459640085697174,0,0.38680198788642883,0.3315260112285614,0.8605080246925354,0,0.2538619935512543,-0.935368001461029,0.24625499546527863,0,0,2.563101053237915,0,1,0.9829049706459045,0,-0.18411299586296082,0,0.10212600231170654,0.832056999206543,0.5452070236206055,0,0.15319299697875977,-0.5546889901161194,0.8178330063819885,0,0,1.3862559795379639,0,1
