0.967,30,29,33
B0,puss_Hips,-1,0.9938024282455444,0.026933152228593826,-0.10702084004878998,0,-0.02572048082947731,0.9995871186256409,0.012796856462955475,0,0.10732089728116989,-0.00996545609086752,0.9940851926803589,0,0.18325695395469666,5.696426868438721,-0.024396074935793877,1
B1,puss_Spine,0,0.9988738298416138,-0.010773052461445332,0.04555646702647209,0,0.006162476725876331,0.994894802570343,0.10050837695598602,0,-0.046389129012823105,-0.10008905827999115,0.9938785433769226,0,0,0.7663469910621643,0.05852099880576134,1
B2,puss_Spine1,1,0.9973106384277344,0.016232121735811234,0.07130859792232513,0,-0.020224472507834435,0.9982429146766663,0.05548159405589104,0,-0.07027123123407364,-0.05678655952215195,0.9958996772766113,0,0,0.8966739773750305,0,1
B3,puss_Spine2,2,0.9973152279853821,0.00865695159882307,0.07255971431732178,0,-0.007047348190099001,0.99970942735672,-0.022569751366972923,0,-0.07272402197122574,0.021987559273838997,0.9970973134040833,0,0,1.0247700214385986,0,1
B4,puss_Neck,3,0.999522864818573,-0.030617376789450645,0.0036893081851303577,0,0.030802657827734947,0.9848974347114563,-0.17032116651535034,0,0.0015752487815916538,0.17035292088985443,0.9853721261024475,0,0,1.1528669595718384,0,1
B5,puss_Head,4,0.999561607837677,0.02485489472746849,-0.01608586497604847,0,-0.024528557434678078,0.9994938969612122,0.020098796114325523,0,0.016576968133449554,-0.019695855677127838,0.9996649026870728,0,0,0.44932299852371216,-0.12227500230073929,1
B6,puss_HeadTop_End,5,1,0,0,0,0,1,0,0,0,0,1,0,0,1.8984839916229248,-0.5166400074958801,1
B7,puss_LeftShoulder,3,0.4518212378025055,0.15672875940799713,-0.8781709671020508,0,0.8459388017654419,-0.38735368847846985,0.3662244379520416,0,-0.2827741801738739,-0.9084259271621704,-0.3075118660926819,0,0.3702090084552765,0.9034029841423035,0.019123999401926994,1
B8,puss_LeftArm,7,0.99959796667099,0.013940130360424519,0.012369118630886078,0,-0.01845805160701275,0.7800087332725525,0.6253648996353149,0,-0.0008528901962563396,-0.6252554059028625,0.7801439762115479,0,0,0.8895230293273926,0,1
B9,puss_LeftForeArm,8,0.6285229325294495,0.7598177790641785,0.1568697690963745,0,-0.7611111998558044,0.6429912447929382,-0.064897820353508,0,-0.15043535828590393,-0.07860483974218369,0.9854736328125,0,0,1.5244580507278442,0,1
B10,puss_LeftHand,9,0.9243234395980835,0.1824282556772232,-0.3344515562057495,0,-0.21537935733795166,0.9744415283203125,-0.0636475458741188,0,0.3142715394496918,0.1309664100408554,0.9400069713592529,0,0,1.2489010095596313,0,1
B11,puss_LeftHandIndex1,10,-0.251900315284729,0.09821794927120209,-0.9626795649528503,0,0.061546653509140015,0.9943879246711731,0.08535268157720566,0,0.9657695293426514,-0.03781232610344887,-0.25657352805137634,0,0,0.31888800859451294,0,1
B12,puss_LeftHandIndex2,11,0.9623480439186096,0.27180764079093933,0.002640296472236514,0,-0.25918444991111755,0.9146385788917542,0.3102588355541229,0,0.08191584795713425,-0.2992612421512604,0.9506489634513855,0,0,0.26787400245666504,0,1
B13,puss_LeftHandIndex3,12,0.9999679327011108,-0.007834329269826412,0.0016837988514453173,0,0.007801447529345751,0.9997920989990234,0.018839651718735695,0,-0.0018310914747416973,-0.018825946375727654,0.9998210072517395,0,-0.008700000122189522,0.4375480115413666,-0.1291469931602478,1
B14,puss_LeftHandIndex4,13,1,0,0,0,0,1,0,0,0,0,1,0,-0.023473000153899193,0.23882600665092468,-0.07550200074911118,1
B15,puss_RightShoulder,3,0.0852203294634819,0.012685696594417095,0.9962191581726074,0,-0.8490099310874939,-0.5222975611686707,0.07929767668247223,0,0.5213302969932556,-0.8526624441146851,-0.033708229660987854,0,-0.3702090084552765,0.9033920168876648,0.018976999446749687,1
B16,puss_RightArm,15,0.9547796845436096,0.18765851855278015,0.22674858570098877,0,-0.294092059135437,0.637532114982605,0.7108845114707947,0,-0.011115055531263351,-0.746419370174408,0.6653107404708862,0,0,0.8895230293273926,0,1
B17,puss_RightForeArm,16,0.7938050627708435,-0.5816047191619873,-0.17755380272865295,0,0.5828970074653625,0.810932993888855,-0.05032866448163986,0,0.17326323688030243,-0.06354465335607529,0.9828228950500488,0,0,1.5236810445785522,0,1
B18,puss_RightHand,17,0.7409598231315613,-0.27544087171554565,0.6116072535514832,0,0.2618490755558014,0.9571924805641174,0.11455217748880386,0,-0.616664707660675,0.07540775835514069,0.7827398777008057,0,0,1.2428539991378784,0,1
B19,puss_RightHandIndex1,18,-0.2771865129470825,-0.026537500321865082,0.9604097008705139,0,0.032020453363657,0.9987702965736389,0.03684047609567642,0,-0.9602752327919006,0.04095671698451042,-0.2760266363620758,0,0,0.418518990278244,0,1
B20,puss_RightHandIndex2,19,0.9126759767532349,-0.4083230495452881,0.017130238935351372,0,0.346871942281723,0.7961241602897644,0.49584850668907166,0,-0.21610456705093384,-0.44660690426826477,0.8682404160499573,0,0,0.27494001388549805,0,1
B21,puss_RightHandIndex3,20,0.9696298241615295,-0.2105119228363037,0.12450774759054184,0,0.214008167386055,0.9767124652862549,-0.015249935910105705,0,-0.11839797347784042,0.041432980448007584,0.9921017289161682,0,0.022652000188827515,0.32494598627090454,-0.19463799893856049,1
B22,puss_RightHandIndex4,21,1,0,0,0,0,1,0,0,0,0,1,0,0.030835000798106194,0.20852600038051605,-0.13027000427246094,1
B23,puss_LeftUpLeg,0,-0.9844469428062439,-0.03106814995408058,0.1726682335138321,0,0.020212693139910698,-0.9976500868797302,-0.06429040431976318,0,0.17434948682785034,-0.059807274490594864,0.9828305840492249,0,1.0353569984436035,-0.42574799060821533,0.1597750037908554,1
B24,puss_LeftLeg,23,0.9915863871574402,-0.0728016197681427,-0.10697457194328308,0,0.011006355285644531,0.8706502318382263,-0.49068278074264526,0,0.12874528765678406,0.4853895604610443,0.8641511797904968,0,0,1.9974199533462524,0,1
B25,puss_LeftFoot,24,0.9939156174659729,0.06913971900939941,-0.08518847078084946,0,0.06970377266407013,0.20153620839118958,0.9765509366989136,0,0.08442593365907669,-0.9766591191291809,0.19552411139011383,0,0,2.7068159580230713,0,1
B26,puss_LeftToeBase,25,0.9658260941505432,-0.07280444353818893,0.24865412712097168,0,-0.1476626992225647,0.6340625286102295,0.7587440609931946,0,-0.21300584077835083,-0.7695254683494568,0.6016506552696228,0,0,1.4843109846115112,0,1
B27,puss_LeftToe_End,26,1,0,0,0,0,1,0,0,0,0,1,0,0,0.5643370151519775,0,1
B28,puss_RightUpLeg,0,-0.9775081872940063,-0.08445719629526138,-0.19294458627700806,0,-0.07908599078655243,-0.7022495865821838,0.7073341012001038,0,-0.19515055418014526,0.7067523002624512,0.6797778606414795,0,-1.0353569984436035,-0.42574799060821533,0.19483399391174316,1
B29,puss_RightLeg,28,0.9894303679466248,0.017627418041229248,0.1434696465730667,0,0.049777187407016754,0.8900327086448669,-0.45308804512023926,0,-0.1357172727584839,0.45550650358200073,0.879745602607727,0,0,1.9981110095977783,0,1
B30,puss_RightFoot,29,0.9595777988433838,0.1719190925359726,-0.22020362317562103,0,0.10566724836826324,0.5041278600692749,0.8555411696434021,0,0.2596394121646881,-0.8450598120689392,0.4655699133872986,0,0,2.706963062286377,0,1
B31,puss_RightToeBase,30,0.9673100113868713,0.03165707364678383,-0.2516115605831146,0,0.15405815839767456,0.7147557139396667,0.6821881532669067,0,0.2014392614364624,-0.698649525642395,0.6865137219429016,0,0,1.4538400173187256,0,1
B32,puss_RightToe_End,31,1,0,0,0,0,1,0,0,0,0,1,0,0,0.5455930233001709,0,1
@28,0,1,2,3,4,5,7,8,9,10,11,12,13,15,16,17,18,19,20,21,23,24,25,26,28,29,30,31
K0.000,0.9832109808921814,-0.05996999889612198,-0.1723340004682541,0,0.05825100094079971,0.9981889724731445,-0.01501999981701374,0,0.17292200028896332,0.004728999920189381,0.9849240183830261,0,0.023731999099254608,5.915726184844971,-0.23314200341701508,1,0.9992009997367859,0.037546999752521515,0.013724000193178654,0,-0.03893100097775459,0.9919289946556091,0.12066599726676941,0,-0.009083000011742115,-0.12110400199890137,0.9925979971885681,0,0,0.7663469910621643,0.05852099880576134,1,0.9991000294685364,0.016628000885248184,0.03901299834251404,0,-0.017736999318003654,0.999442994594574,0.02826100029051304,0,-0.03852099925279617,-0.028927000239491463,0.9988390207290649,0,0,0.8966739773750305,0,1,0.9991949796676636,0.009421000257134438,0.038989998400211334,0,-0.007416000124067068,0.9986590147018433,-0.05123800039291382,0,-0.039420999586582184,0.05090799927711487,0.9979249835014343,0,0,1.0247700214385986,0,1,0.9996510148048401,-0.01431300025433302,0.022216999903321266,0,0.017169000580906868,0.9908030033111572,-0.13422000408172607,0,-0.02009199932217598,0.13455499708652496,0.9907019734382629,0,0,1.1528669595718384,0,1,0.999468982219696,0.032412998378276825,0.003258999902755022,0,-0.03251799941062927,0.9986640214920044,0.040151000022888184,0,-0.0019529999699443579,-0.04023599997162819,0.9991880059242249,0,0,0.44932299852371216,-0.12227500230073929,1,0.3890329897403717,0.14709900319576263,-0.9094039797782898,0,0.8613280057907104,-0.40822499990463257,0.3024350106716156,0,-0.32675400376319885,-0.9009519815444946,-0.2855130136013031,0,0.3702090084552765,0.9034029841423035,0.019123999401926994,1,0.9987350106239319,-0.016952000558376312,0.0473489984869957,0,-0.026270000264048576,0.6269789934158325,0.7785930037498474,0,-0.04288500174880028,-0.7788519859313965,0.6257399916648865,0,0,0.8895230293273926,0,1,0.7899569869041443,0.5889419913291931,0.17063499987125397,0,-0.5899440050125122,0.8058760166168213,-0.05030300095677376,0,-0.16713599860668182,-0.06092799827456474,0.9840499758720398,0,0,1.5244580507278442,0,1,0.882086992263794,0.34843501448631287,-0.3170410096645355,0,-0.34711700677871704,0.9357290267944336,0.06261900067329407,0,0.31848299503326416,0.05481399968266487,0.9463419914245605,0,0,1.2489010095596313,0,1,-0.1561329960823059,-0.06637199968099594,-0.9855039715766907,0,0.053321000188589096,0.9957190155982971,-0.07550700008869171,0,0.9862959980964661,-0.06433700025081635,-0.1519249975681305,0,0,0.31888800859451294,0,1,0.96213299036026,0.2725679874420166,0.002662000013515353,0,-0.259909987449646,0.914421021938324,0.3102929890155792,0,0.08214200288057327,-0.2992349863052368,0.9506369829177856,0,0,0.26787400245666504,0,1,0.9999740123748779,-0.007081999909132719,0.0014609999489039183,0,0.007052999921143055,0.999796986579895,0.018876999616622925,0,-0.0015950000379234552,-0.018866000697016716,0.9998210072517395,0,-0.008700000122189522,0.4375480115413666,-0.1291469931602478,1,0.13832099735736847,0.011738000437617302,0.9903180003166199,0,-0.8510720133781433,-0.5099719762802124,0.12491700053215027,0,0.5065010190010071,-0.8601109981536865,-0.06055000051856041,0,-0.3702090084552765,0.9033920168876648,0.018976999446749687,1,0.9471030235290527,0.1420300006866455,0.28779199719429016,0,-0.30998000502586365,0.6370970010757446,0.7057049870491028,0,-0.08312000334262848,-0.7575849890708923,0.6474230289459229,0,0,0.8895230293273926,0,1,0.8257960081100464,-0.5343660116195679,-0.1803160011768341,0,0.5355539917945862,0.8432340025901794,-0.046241000294685364,0,0.17675800621509552,-0.0583840012550354,0.9825209975242615,0,0,1.5236810445785522,0,1,0.8941010236740112,-0.13741199672222137,0.42626500129699707,0,0.08660399913787842,0.9868509769439697,0.1364700049161911,0,-0.43941301107406616,-0.08510199934244156,0.8942450284957886,0,0,1.2428539991378784,0,1,-0.25909900665283203,-0.18184299767017365,0.9485780000686646,0,-0.0033110000658780336,0.9822779893875122,0.1873989999294281,0,-0.965844988822937,0.04541400074958801,-0.2551090121269226,0,0,0.418518990278244,0,1,0.9171010255813599,-0.39829498529434204,0.01696299947798252,0,0.3380410075187683,0.7995070219039917,0.496504008769989,0,-0.2113170027732849,-0.44960999488830566,0.8678690195083618,0,0,0.27494001388549805,0,1,0.9722530245780945,-0.20146700739860535,0.11889199912548065,0,0.20469899475574493,0.9787020087242126,-0.01549999974668026,0,-0.11323700100183487,0.039406999945640564,0.9927859902381897,0,0.022652000188827515,0.32494598627090454,-0.19463799893856049,1,-0.9995999932289124,-0.025651000440120697,0.011915000155568123,0,0.02796499989926815,-0.8333650231361389,0.552016019821167,0,-0.004230000078678131,0.5521280169487,0.833748996257782,0,1.0353569984436035,-0.42574799060821533,0.1597750037908554,1,0.9935269951820374,0.06788799911737442,-0.09107699990272522,0,-0.10670199990272522,0.282694011926651,-0.9532570242881775,0,-0.03896800056099892,0.9568049907684326,0.2881079912185669,0,0,1.9974199533462524,0,1,0.9949319958686829,-0.015317000448703766,0.09938099980354309,0,-0.06541600078344345,0.6520090103149414,0.7553840279579163,0,-0.07636799663305283,-0.7580559849739075,0.6477029919624329,0,0,2.7068159580230713,0,1,0.9343709945678711,-0.1512089967727661,0.322625994682312,0,-0.17229700088500977,0.6008239984512329,0.7805920243263245,0,-0.31187400221824646,-0.7849500179290771,0.5353400111198425,0,0,1.4843109846115112,0,1,-0.9656950235366821,-0.17036199569702148,-0.19598299264907837,0,0.14790600538253784,-0.9811829924583435,0.12411300092935562,0,-0.21344000101089478,0.09086800366640091,0.9727209806442261,0,-1.0353569984436035,-0.42574799060821533,0.19483399391174316,1,0.9993489980697632,0.0011940000113099813,0.036052998155355453,0,0.00785799976438284,0.9682419896125793,-0.249891996383667,0,-0.03520600125193596,0.25001201033592224,0.967602014541626,0,0,1.9981110095977783,0,1,0.9798259735107422,-0.053610000759363174,-0.19252599775791168,0,0.193573996424675,0.4941270053386688,0.8475660085678101,0,0.0496940016746521,-0.8677350282669067,0.49453601241111755,0,0,2.706963062286377,0,1,0.9681800007820129,0.015553999692201614,-0.24977000057697296,0,0.15477100014686584,0.7470849752426147,0.6464589834213257,0,0.1966550052165985,-0.664546012878418,0.7209060192108154,0,0,1.4538400173187256,0,1
K0.033,0.9882470369338989,-0.04245682805776596,-0.1468506008386612,0,0.043311841785907745,0.9990580081939697,0.0026301888283342123,0,0.14660058915615082,-0.008959153667092323,0.9891550540924072,0,0.043165262788534164,5.9322404861450195,-0.23580099642276764,1,0.9995309710502625,0.03009292483329773,0.005606905557215214,0,-0.030536914244294167,0.9929710030555725,0.11435291916131973,0,-0.002125916536897421,-0.11447092145681381,0.9934239983558655,0,0,0.7663469910621643,0.05852099880576134,1,0.999750018119812,0.006116937380284071,0.02151779644191265,0,-0.006610932759940624,0.9997149705886841,0.022921977564692497,0,-0.02137179858982563,-0.023058976978063583,0.9995059967041016,0,0,0.8966739773750305,0,1,0.999754011631012,-0.0020530715119093657,0.02209480293095112,0,0.003289060201495886,0.9984229803085327,-0.05604301765561104,0,-0.021944798529148102,0.05610201880335808,0.9981840252876282,0,0,1.0247700214385986,0,1,0.9996569752693176,-0.009774062782526016,0.024286998435854912,0,0.012774062342941761,0.9918699860572815,-0.12661202251911163,0,-0.022851990535855293,0.1268790364265442,0.9916549921035767,0,0,1.1528669595718384,0,1,0.9994029998779297,0.03416396304965019,0.00518100056797266,0,-0.034357961267232895,0.9984650015830994,0.0434509739279747,0,-0.003689002711325884,-0.043602973222732544,0.9990419745445251,0,0,0.44932299852371216,-0.12227500230073929,1,0.39149484038352966,0.14368589222431183,-0.9088930487632751,0,0.8562819361686707,-0.41853630542755127,0.3026677966117859,0,-0.33691534399986267,-0.8967618942260742,-0.2868909537792206,0,0.3702090084552765,0.9034029841423035,0.019123999401926994,1,0.9953688979148865,-0.09007491916418076,0.03357981890439987,0,0.026942692697048187,0.5967158675193787,0.8019999861717224,0,-0.0922776311635971,-0.7973809242248535,0.5963789820671082,0,0,0.8895230293273926,0,1,0.8253310322761536,0.5372848510742188,0.17365099489688873,0,-0.5381988883018494,0.8415670394897461,-0.04589099436998367,0,-0.1707949936389923,-0.05558298900723457,0.9837380051612854,0,0,1.5244580507278442,0,1,0.8848174810409546,0.250754177570343,-0.3927083909511566,0,-0.1893809288740158,0.9636208415031433,0.18859633803367615,0,0.42571330070495605,-0.09250184893608093,0.9001168012619019,0,0,1.2489010095596313,0,1,-0.17265018820762634,-0.006748667918145657,-0.9849599599838257,0,0.0689810961484909,0.9974380135536194,-0.01892569661140442,0,0.9825649261474609,-0.07121104001998901,-0.17174223065376282,0,0,0.31888800859451294,0,1,0.9611449837684631,0.276032030582428,0.00276200077496469,0,-0.263217031955719,0.9134190082550049,0.31045499444007874,0,0.08317200839519501,-0.2991189956665039,0.9505839943885803,0,0,0.26787400245666504,0,1,0.9999930262565613,-0.003627978963777423,0.0004379937599878758,0,0.0036189791280776262,0.9998120069503784,0.019050002098083496,0,-0.0005069933831691742,-0.01904900185763836,0.9998180270195007,0,-0.008700000122189522,0.4375480115413666,-0.1291469931602478,1,0.1440701186656952,0.011824971996247768,0.9894970059394836,0,-0.8498480916023254,-0.5107837319374084,0.12984110414981842,0,0.506953775882721,-0.8596281409263611,-0.06354004144668579,0,-0.3702090084552765,0.9033920168876648,0.018976999446749687,1,0.9742571711540222,0.09845545142889023,0.20280319452285767,0,-0.21595503389835358,0.6657661199569702,0.7142261266708374,0,-0.06469986587762833,-0.7396369576454163,0.6698890328407288,0,0,0.8895230293273926,0,1,0.8175169229507446,-0.5471820831298828,-0.17960099875926971,0,0.5483980774879456,0.8348759412765503,-0.04735000804066658,0,0.17585399746894836,-0.05978300794959068,0.9825990200042725,0,0,1.5236810445785522,0,1,0.8894340395927429,-0.10640677064657211,0.44450393319129944,0,0.06416483223438263,0.9919610023498535,0.1090688481926918,0,-0.4525369107723236,-0.06848794966936111,0.8891120553016663,0,0,1.2428539991378784,0,1,-0.2589229941368103,-0.18421104550361633,0.948170006275177,0,0.0024540526792407036,0.9815170168876648,0.19135905802249908,0,-0.9658949971199036,0.0518740639090538,-0.25368496775627136,0,0,0.418518990278244,0,1,0.9169960021972656,-0.39853599667549133,0.01696700043976307,0,0.338252991437912,0.7994269728660583,0.4964880049228668,0,-0.21143299341201782,-0.449537992477417,0.8678770065307617,0,0,0.27494001388549805,0,1,0.9721909761428833,-0.20168498158454895,0.11902699619531631,0,0.20492298901081085,0.9786549806594849,-0.015494000166654587,0,-0.11336099356412888,0.03945499658584595,0.9927700161933899,0,0.022652000188827515,0.32494598627090454,-0.19463799893856049,1,-0.999754011631012,0.014930197037756443,-0.016430148854851723,0,-0.021879250183701515,-0.7881647348403931,0.6150742769241333,0,-0.0037659795489162207,0.6152822971343994,0.7882977724075317,0,1.0353569984436035,-0.42574799060821533,0.1597750037908554,1,0.9924349784851074,0.106031134724617,-0.06188257038593292,0,-0.09972384572029114,0.4022526443004608,-0.9100810885429382,0,-0.07160414755344391,0.9093680381774902,0.40978363156318665,0,0,1.9974199533462524,0,1,0.9931520223617554,-0.05245204269886017,0.1043890118598938,0,-0.05054900795221329,0.6126288175582886,0.788753092288971,0,-0.10532303154468536,-0.788628101348877,0.6057817935943604,0,0,2.7068159580230713,0,1,0.9536951184272766,-0.09623926877975464,0.2849637269973755,0,-0.15667392313480377,0.649786114692688,0.743794858455658,0,-0.2567475438117981,-0.7539989352226257,0.6046202778816223,0,0,1.4843109846115112,0,1,-0.9661160111427307,-0.15212570130825043,-0.2085120975971222,0,0.1398787647485733,-0.9875210523605347,0.07236366719007492,0,-0.21691904962062836,0.04074571281671524,0.9753389954566956,0,-1.0353569984436035,-0.42574799060821533,0.19483399391174316,1,0.9994540214538574,-0.006195970345288515,0.032441169023513794,0,0.01424203161150217,0.9670848846435547,-0.25405335426330566,0,-0.029799161478877068,0.2543763518333435,0.9666458964347839,0,0,1.9981110095977783,0,1,0.9868840575218201,-0.05045490711927414,-0.15334153175354004,0,0.15952354669570923,0.4503293037414551,0.8784963488578796,0,0.024729784578084946,-0.8914362788200378,0.4524713158607483,0,0,2.706963062286377,0,1,0.9682000279426575,0.015182983130216599,-0.24971799552440643,0,0.154789999127388,0.7478110790252686,0.6456149220466614,0,0.19654400646686554,-0.663737952709198,0.7216800451278687,0,0,1.4538400173187256,0,1
K0.067,0.9940219521522522,-0.025216171517968178,-0.10623340308666229,0,0.02765115723013878,0.9993860125541687,0.021503811702132225,0,0.10562541335821152,-0.02431284636259079,0.9941089153289795,0,0.06976374238729477,5.908217430114746,-0.23540599644184113,1,0.9997379779815674,0.022579073905944824,-0.0038309062365442514,0,-0.02204308472573757,0.9940739870071411,0.10644207894802094,0,0.006210917141288519,-0.10633008182048798,0.9943109750747681,0,0,0.7663469910621643,0.05852099880576134,1,0.9999989867210388,-0.0001229379849974066,0.0012432015500962734,0,0.00009693332685856149,0.9997850060462952,0.02075602300465107,0,-0.0012462000595405698,-0.02075602300465107,0.999783992767334,0,0,0.8966739773750305,0,1,0.9999549984931946,-0.009197928942739964,0.0023171964567154646,0,0.00931594055145979,0.9982870221138,-0.057758983224630356,0,-0.0017822002992033958,0.05777798593044281,0.9983279705047607,0,0,1.0247700214385986,0,1,0.9995800256729126,-0.016041938215494156,0.024128001183271408,0,0.019044939428567886,0.991346001625061,-0.12988696992397308,0,-0.02183600887656212,0.13029196858406067,0.9912350177764893,0,0,1.1528669595718384,0,1,0.9995219707489014,0.030472036451101303,0.005219999700784683,0,-0.030660036951303482,0.9987009763717651,0.040693026036024094,0,-0.003972997423261404,-0.04083302617073059,0.9991580247879028,0,0,0.44932299852371216,-0.12227500230073929,1,0.3759881556034088,0.13344410061836243,-0.9169649481773376,0,0.8477850556373596,-0.448971688747406,0.2822842001914978,0,-0.37402164936065674,-0.8835251331329346,-0.2819400727748871,0,0.3702090084552765,0.9034029841423035,0.019123999401926994,1,0.9831761121749878,-0.18202009797096252,0.015253182500600815,0,0.09620731323957443,0.587023138999939,0.8038340210914612,0,-0.1552683711051941,-0.788843035697937,0.5946589708328247,0,0,0.8895230293273926,0,1,0.8314329385757446,0.5276210904121399,0.17417100071907043,0,-0.5285190939903259,0.8477239608764648,-0.04506600648164749,0,-0.17142699658870697,-0.05458401143550873,0.9836840033531189,0,0,1.5244580507278442,0,1,0.8295365571975708,0.16622284054756165,-0.5331405997276306,0,0.017716942355036736,0.9463611841201782,0.3226226568222046,0,0.5581716895103455,-0.2770731449127197,0.7820962071418762,0,0,1.2489010095596313,0,1,-0.19269780814647675,0.02645467035472393,-0.9809010624885559,0,0.07842590659856796,0.9968540072441101,0.01147769857198,0,0.9781190752983093,-0.0747169628739357,-0.19416677951812744,0,0,0.31888800859451294,0,1,0.9605370163917542,0.2781389653682709,0.0028229993768036366,0,-0.2652299702167511,0.9128040075302124,0.3105520009994507,0,0.08379999548196793,-0.29904600977897644,0.9505519866943359,0,0,0.26787400245666504,0,1,0.9999989867210388,-0.0015270208241418004,-0.00018499379802960902,0,0.0015300207305699587,0.9998149871826172,0.019157998263835907,0,0.00015599340258631855,-0.019157998263835907,0.9998160004615784,0,-0.008700000122189522,0.4375480115413666,-0.1291469931602478,1,0.15574988722801208,0.009039027616381645,0.9877550005912781,0,-0.8628068566322327,-0.4856182336807251,0.14049190282821655,0,0.4809422791004181,-0.8741238713264465,-0.0678369551897049,0,-0.3702090084552765,0.9033920168876648,0.018976999446749687,1,0.991614818572998,0.04300755262374878,0.12186280637979507,0,-0.11870796978473663,0.6758378744125366,0.7274288535118103,0,-0.05107513442635536,-0.7357950806617737,0.6752759218215942,0,0,0.8895230293273926,0,1,0.8130310773849487,-0.5539509654045105,-0.1792140007019043,0,0.5551819205284119,0.8303460478782654,-0.04793599247932434,0,0.17536400258541107,-0.06052299216389656,0.9826419949531555,0,0,1.5236810445785522,0,1,0.8944239616394043,-0.08368222415447235,0.4393210709095001,0,0.046821169555187225,0.9944609999656677,0.09410114586353302,0,-0.44476208090782166,-0.06359705328941345,0.8933879137039185,0,0,1.2428539991378784,0,1,-0.2585360109806061,-0.18833395838737488,0.9474650025367737,0,0.007717947941273451,0.9803770184516907,0.19698193669319153,0,-0.9659709930419922,0.05823893845081329,-0.2520090341567993,0,0,0.418518990278244,0,1,0.9175199866294861,-0.3973279893398285,0.016947999596595764,0,0.33719000220298767,0.799826979637146,0.4965670108795166,0,-0.21085600554943085,-0.4498960077762604,0.8678330183029175,0,0,0.27494001388549805,0,1,0.9724990129470825,-0.20059601962566376,0.11835100501775742,0,0.20380301773548126,0.978888988494873,-0.015521000139415264,0,-0.11273900419473648,0.039215002208948135,0.9928500056266785,0,0.022652000188827515,0.32494598627090454,-0.19463799893856049,1,-0.9989060163497925,0.03465680405497551,-0.031404849141836166,0,-0.046737752854824066,-0.7642322182655334,0.6432446837425232,0,-0.0017070204485207796,0.6440086960792542,0.7650162577629089,0,1.0353569984436035,-0.42574799060821533,0.1597750037908554,1,0.9926949739456177,0.11912687122821808,-0.01909642480313778,0,-0.08382715284824371,0.5672013163566589,-0.8193019032478333,0,-0.08676885068416595,0.8149179816246033,0.5730444192886353,0,0,1.9974199533462524,0,1,0.9928100109100342,-0.05653996020555496,0.10550899058580399,0,-0.051211994141340256,0.5960531830787659,0.8013108968734741,0,-0.10819496959447861,-0.8009518980979919,0.5888711810112,0,0,2.7068159580230713,0,1,0.9657799005508423,-0.023472722619771957,0.25829726457595825,0,-0.14990507066249847,0.7621878385543823,0.6297601461410522,0,-0.2116534411907196,-0.6469300985336304,0.7325877547264099,0,0,1.4843109846115112,0,1,-0.968205988407135,-0.12229729443788528,-0.21822191774845123,0,0.11664823442697525,-0.9924219250679016,0.03863133490085602,0,-0.22129295766353607,0.011947286315262318,0.975134015083313,0,-1.0353569984436035,-0.42574799060821533,0.19483399391174316,1,0.9987879991531372,-0.003225029679015279,0.049103837460279465,0,0.01738796755671501,0.9566141366958618,-0.29083964228630066,0,-0.04603584110736847,0.2913406491279602,0.9555110931396484,0,0,1.9981110095977783,0,1,0.9934359192848206,-0.04109909385442734,-0.10675546526908875,0,0.11435244977474213,0.38176867365837097,0.9171566367149353,0,0.00306121539324522,-0.9233437180519104,0.38396167755126953,0,0,2.706963062286377,0,1,0.9682859778404236,0.013518016785383224,-0.2494789958000183,0,0.15487800538539886,0.7510599493980408,0.6418110728263855,0,0.19604900479316711,-0.6600960493087769,0.7251469492912292,0,0,1.4538400173187256,0,1
K0.100,0.9983239769935608,-0.0062090009450912476,-0.057531002908945084,0,0.00836500059813261,0.9992690086364746,0.03731299936771393,0,0.0572580024600029,-0.03773200139403343,0.9976459741592407,0,0.09923399984836578,5.854621887207031,-0.22208699584007263,1,0.9997730255126953,0.017949000000953674,-0.011483999900519848,0,-0.016707999631762505,0.9948199987411499,0.10026700049638748,0,0.013224000111222267,-0.10005199909210205,0.9948940277099609,0,0,0.7663469910621643,0.05852099880576134,1,0.9998570084571838,-0.010085999965667725,-0.013536999002099037,0,0.010339999571442604,0.9997699856758118,0.018768999725580215,0,0.01334499940276146,-0.01890699937939644,0.9997320175170898,0,0,0.8966739773750305,0,1,0.9997329711914062,-0.019675999879837036,-0.012081999331712723,0,0.01892399974167347,0.9980499744415283,-0.05948900058865547,0,0.013227999210357666,0.05924399942159653,0.9981560111045837,0,0,1.0247700214385986,0,1,0.9994969964027405,-0.023305000737309456,0.02152100019156933,0,0.026027999818325043,0.9903110265731812,-0.13640299439430237,0,-0.018132999539375305,0.13689500093460083,0.9904199838638306,0,0,1.1528669595718384,0,1,0.9996230006217957,0.027285000309348106,0.0030159999150782824,0,-0.027377000078558922,0.9989460110664368,0.036848001182079315,0,-0.0020069999154657125,-0.03691700100898743,0.9993159770965576,0,0,0.44932299852371216,-0.12227500230073929,1,0.3317919969558716,0.12382200360298157,-0.9351909756660461,0,0.8444240093231201,-0.4809289872646332,0.2359129935503006,0,-0.4205490052700043,-0.8679720163345337,-0.2641269862651825,0,0.3702090084552765,0.9034029841423035,0.019123999401926994,1,0.9628869891166687,-0.26985400915145874,-0.005174999125301838,0,0.16756799817085266,0.5826619863510132,0.7952520251274109,0,-0.21158699691295624,-0.766605019569397,0.6062570214271545,0,0,0.8895230293273926,0,1,0.8315070271492004,0.5275020003318787,0.17417700588703156,0,-0.5284000039100647,0.8477990031242371,-0.045054998248815536,0,-0.17143400013446808,-0.05457200109958649,0.9836829900741577,0,0,1.5244580507278442,0,1,0.7188720107078552,0.11105500161647797,-0.686214029788971,0,0.22534199059009552,0.896619975566864,0.3811730146408081,0,0.6576039791107178,-0.4286479949951172,0.6195300221443176,0,0,1.2489010095596313,0,1,-0.2189749926328659,-0.01580199785530567,-0.9756019711494446,0,0.058788001537323,0.9978389739990234,-0.029356997460126877,0,0.9739580154418945,-0.06378199905157089,-0.21757300198078156,0,0,0.31888800859451294,0,1,0.9588879942893982,0.28376901149749756,0.0029869999270886183,0,-0.27060601115226746,0.9111350178718567,0.3108130097389221,0,0.08547700196504593,-0.29884299635887146,0.950465977191925,0,0,0.26787400245666504,0,1,0.9999899864196777,0.004102999344468117,-0.0018519998993724585,0,-0.004065999761223793,0.9998030066490173,0.019450999796390533,0,0.0019309999188408256,-0.019443999975919724,0.9998090267181396,0,-0.008700000122189522,0.4375480115413666,-0.1291469931602478,1,0.17983700335025787,0.005371000152081251,0.9836819767951965,0,-0.8735020160675049,-0.4590049982070923,0.16220000386238098,0,0.4523859918117523,-0.8884180188179016,-0.07785400003194809,0,-0.3702090084552765,0.9033920168876648,0.018976999446749687,1,0.9979580044746399,-0.023288996890187263,0.05946800485253334,0,-0.02789900451898575,0.6786230206489563,0.7339569926261902,0,-0.05745000019669533,-0.7341179847717285,0.6765879988670349,0,0,0.8895230293273926,0,1,0.8117769956588745,-0.555823028087616,-0.1791059970855713,0,0.5570570230484009,0.8290799856185913,-0.04809900000691414,0,0.17522700130939484,-0.06072700023651123,0.982653021812439,0,0,1.5236810445785522,0,1,0.9080899953842163,-0.0758190006017685,0.41185399889945984,0,0.04030099883675575,0.9947310090065002,0.09426199644804001,0,-0.41683098673820496,-0.0689999982714653,0.906361997127533,0,0,1.2428539991378784,0,1,-0.2574689984321594,-0.1977739930152893,0.9458299875259399,0,0.009716000407934189,0.9782509803771973,0.20719799399375916,0,-0.9662380218505859,0.06253600120544434,-0.24994799494743347,0,0,0.418518990278244,0,1,0.9189170002937317,-0.394089013338089,0.016896000131964684,0,0.3343380093574524,0.8008930087089539,0.4967789947986603,0,-0.209307000041008,-0.4508489966392517,0.8677129745483398,0,0,0.27494001388549805,0,1,0.9733150005340576,-0.19767799973487854,0.1165430024266243,0,0.2008019983768463,0.9795079827308655,-0.015588000416755676,0,-0.11107300221920013,0.03857399895787239,0.9930629730224609,0,0.022652000188827515,0.32494598627090454,-0.19463799893856049,1,-0.9984779953956604,0.04875199869275093,-0.025805000215768814,0,-0.053777001798152924,-0.7562170028686523,0.6521080136299133,0,0.012276998721063137,0.6525020003318787,0.757686972618103,0,1.0353569984436035,-0.42574799060821533,0.1597750037908554,1,0.9940329790115356,0.10697799921035767,0.02129499800503254,0,-0.06476099789142609,0.735912024974823,-0.6739720106124878,0,-0.08777199685573578,0.6685720086097717,0.7384499907493591,0,0,1.9974199533462524,0,1,0.9939690232276917,-0.03832999989390373,0.10274799913167953,0,-0.06048699840903282,0.5899040102958679,0.8052049875259399,0,-0.0914750024676323,-0.8065630197525024,0.5840280055999756,0,0,2.7068159580230713,0,1,0.9698579907417297,-0.0012610011035576463,0.24366599321365356,0,-0.15006199479103088,0.7847660183906555,0.6013510227203369,0,-0.19197900593280792,-0.6197900176048279,0.7609230279922485,0,0,1.4843109846115112,0,1,-0.9693080186843872,-0.08134400099515915,-0.23200100660324097,0,0.08496899902820587,-0.9963679909706116,-0.0056549981236457825,0,-0.23069800436496735,-0.02519499883055687,0.972698986530304,0,-1.0353569984436035,-0.42574799060821533,0.19483399391174316,1,0.9943959712982178,0.012927998788654804,0.10492400079965591,0,0.021623000502586365,0.9466429948806763,-0.32155901193618774,0,-0.10348299890756607,0.32202601432800293,0.9410579800605774,0,0,1.9981110095977783,0,1,0.99440598487854,-0.03100699931383133,-0.10096800327301025,0,0.10561499744653702,0.30264800786972046,0.9472330212593079,0,0.0011870000744238496,-0.952597975730896,0.3042300045490265,0,0,2.706963062286377,0,1,0.9682909846305847,0.013411999680101871,-0.2494640052318573,0,0.1548829972743988,0.7512639760971069,0.6415709853172302,0,0.19601799547672272,-0.6598650217056274,0.7253649830818176,0,0,1.4538400173187256,0,1
K0.133,0.9999269843101501,0.006922002881765366,-0.00992660317569971,0,-0.00647401949390769,0.9989879727363586,0.04450597986578941,0,0.010224604047834873,-0.04443798586726189,0.998960018157959,0,0.12671023607254028,5.788116931915283,-0.19468364119529724,1,0.9996309876441956,0.019283132627606392,-0.019108103588223457,0,-0.01737312227487564,0.9952729940414429,0.09555094689130783,0,0.020860113203525543,-0.09518394619226456,0.9952409863471985,0,0,0.7663469910621643,0.05852099880576134,1,0.9994940161705017,-0.018067073076963425,-0.0261920765042305,0,0.018658075481653214,0.9995719790458679,0.022519076243042946,0,0.025774072855710983,-0.02299707941710949,0.9994029998779297,0,0,0.8966739773750305,0,1,0.9993039965629578,-0.027973072603344917,-0.024681080132722855,0,0.026570070534944534,0.9981080293655396,-0.05544392019510269,0,0.026186080649495125,0.05474991351366043,0.9981570243835449,0,0,1.0247700214385986,0,1,0.9991480112075806,-0.03726610913872719,0.017706971615552902,0,0.03947010263800621,0.9883300065994263,-0.14712311327457428,0,-0.01201695017516613,0.1476961225271225,0.9889600276947021,0,0,1.1528669595718384,0,1,0.999779999256134,0.020994950085878372,-0.00014102653949521482,0,-0.020979948341846466,0.9992769956588745,0.03171393647789955,0,0.0008070238982327282,-0.03170393779873848,0.9994969964027405,0,0,0.44932299852371216,-0.12227500230073929,1,0.2852935791015625,0.11773497611284256,-0.9511811137199402,0,0.8413019776344299,-0.5061931610107422,0.18968261778354645,0,-0.4591492712497711,-0.8543458580970764,-0.24346379935741425,0,0.3702090084552765,0.9034029841423035,0.019123999401926994,1,0.9481919407844543,-0.3161070942878723,-0.03173927217721939,0,0.2202232927083969,0.5819810628890991,0.7828158736228943,0,-0.2289818525314331,-0.7492499351501465,0.6214441061019897,0,0,0.8895230293273926,0,1,0.8464473485946655,0.5027353167533875,0.17545102536678314,0,-0.5035913586616516,0.8628743290901184,-0.042939942330121994,0,-0.17298002541065216,-0.05200893431901932,0.983551025390625,0,0,1.5244580507278442,0,1,0.6273989081382751,0.13239866495132446,-0.7673599123954773,0,0.3197956085205078,0.8546949625015259,0.4089343845844269,0,0.7100002765655518,-0.5019638538360596,0.49389469623565674,0,0,1.2489010095596313,0,1,-0.2466932088136673,-0.07567977160215378,-0.9661339521408081,0,0.028861982747912407,0.995930016040802,-0.08538276702165604,0,0.9686639308929443,-0.04894794151186943,-0.24350522458553314,0,0,0.31888800859451294,0,1,0.9575449824333191,0.28826799988746643,0.003120000008493662,0,-0.27490100264549255,0.9097779989242554,0.31102100014686584,0,0.08681900054216385,-0.29867398738861084,0.9503980278968811,0,0,0.26787400245666504,0,1,0.9999579787254333,0.00861899834126234,-0.003186999587342143,0,-0.008554997853934765,0.9997689723968506,0.019694000482559204,0,0.0033559994772076607,-0.019664999097585678,0.999800980091095,0,-0.008700000122189522,0.4375480115413666,-0.1291469931602478,1,0.21167023479938507,-0.0013300612336024642,0.9773399233818054,0,-0.8877540826797485,-0.41850268840789795,0.19169823825359344,0,0.40876466035842896,-0.9082140922546387,-0.08976608514785767,0,-0.3702090084552765,0.9033920168876648,0.018976999446749687,1,0.9961119294166565,-0.08718767762184143,0.012651822529733181,0,0.04881458356976509,0.6657419204711914,0.7445840239524841,0,-0.07334138453006744,-0.7410709261894226,0.6674090027809143,0,0,0.8895230293273926,0,1,0.8094658851623535,-0.5592471957206726,-0.17890597879886627,0,0.5604891777038574,0.8267468810081482,-0.048394013196229935,0,0.1749749779701233,-0.06110101565718651,0.9826750159263611,0,0,1.5236810445785522,0,1,0.9237381219863892,-0.08903329074382782,0.37253454327583313,0,0.05262429267168045,0.992885947227478,0.1068071499466896,0,-0.3793935775756836,-0.07905708253383636,0.921852171421051,0,0,1.2428539991378784,0,1,-0.2546319365501404,-0.21911941468715668,0.9418858885765076,0,0.008043992333114147,0.9734768867492676,0.22864341735839844,0,-0.9670040011405945,0.06579608470201492,-0.24611590802669525,0,0,0.418518990278244,0,1,0.9196950197219849,-0.392272025346756,0.016867000609636307,0,0.332738995552063,0.801485002040863,0.49689701199531555,0,-0.20843800902366638,-0.45138099789619446,0.8676459789276123,0,0,0.27494001388549805,0,1,0.973766028881073,-0.1960420161485672,0.11552900820970535,0,0.19912101328372955,0.9798499941825867,-0.015623999759554863,0,-0.11013900488615036,0.03821800276637077,0.9931809902191162,0,0.022652000188827515,0.32494598627090454,-0.19463799893856049,1,-0.9984899759292603,0.05472993105649948,-0.004799763206392527,0,-0.044432785362005234,-0.753058910369873,0.6564511060714722,0,0.032313138246536255,0.6556731462478638,0.754352867603302,0,1.0353569984436035,-0.42574799060821533,0.1597750037908554,1,0.9959449768066406,0.07845774292945862,0.04403206706047058,0,-0.04514982923865318,0.8591756224632263,-0.5096838474273682,0,-0.07782088965177536,0.5056288838386536,0.8592336177825928,0,0,1.9974199533462524,0,1,0.994949996471405,-0.025047002360224724,0.09719394147396088,0,-0.06481298059225082,0.5790676474571228,0.8126992583274841,0,-0.07663793861865997,-0.8148942589759827,0.5745196342468262,0,0,2.7068159580230713,0,1,0.9694300293922424,-0.010032146237790585,0.24516402184963226,0,-0.1495099812746048,0.768105685710907,0.6226233839988708,0,-0.1945580393075943,-0.6402443051338196,0.7431247234344482,0,0,1.4843109846115112,0,1,-0.9672519564628601,-0.032484523952007294,-0.2517321705818176,0,0.05403177812695503,-0.9953958988189697,-0.07916188985109329,0,-0.24800120294094086,-0.09017080068588257,0.9645538330078125,0,-1.0353569984436035,-0.42574799060821533,0.19483399391174316,1,0.9861440062522888,0.03218406066298485,0.16274210810661316,0,0.02193695306777954,0.9470880627632141,-0.3202228546142578,0,-0.16443711519241333,0.319355845451355,0.9332590103149414,0,0,1.9981110095977783,0,1,0.9947880506515503,-0.02156393975019455,-0.09965452551841736,0,0.10191252082586288,0.24048666656017303,0.9652871489524841,0,0.003149924799799919,-0.970413088798523,0.24143067002296448,0,0,2.706963062286377,0,1,0.968114972114563,0.0168011337518692,-0.24994201958179474,0,0.15470699965953827,0.7446397542953491,0.6492903232574463,0,0.19702504575252533,-0.6672552824020386,0.7182977199554443,0,0,1.4538400173187256,0,1
