8.333,30,249,65
B0,mixamorig_Hips,-1,0.9940623641014099,-0.05372940003871918,0.09462416172027588,0,0.05955500155687332,0.9964292049407959,-0.05985535308718681,0,-0.09107021987438202,0.06513535231351852,0.9937119483947754,0,0.4330340325832367,95.8718490600586,-0.7061018943786621,1
B1,mixamorig_Spine,0,0.9987657070159912,0.04336079582571983,-0.024214591830968857,0,-0.04334915801882744,0.9990593791007996,0.0009870145004242659,0,0.024234872311353683,0.00006426515756174922,0.9997063279151917,0,0,10.746635437011719,-0.6216719746589661,1
B2,mixamorig_Spine1,1,0.9996151924133301,0.027474477887153625,-0.0037900570314377546,0,-0.027392659336328506,0.999420166015625,0.020231397822499275,0,0.004343877080827951,-0.02011975832283497,0.9997881650924683,0,0,12.558688163757324,0,1
B3,mixamorig_Spine2,2,0.9996111989021301,0.02755647711455822,-0.004182237200438976,0,-0.027468658983707428,0.9994270205497742,0.01979139819741249,0,0.004725056700408459,-0.0196685791015625,0.9997951984405518,0,0,14.352798461914062,0,1
B4,mixamorig_Neck,3,0.9999678134918213,0.007628241553902626,0.002593639772385359,0,-0.007938881404697895,0.9878298044204712,0.15533526241779327,0,-0.0013770995428785682,-0.15535026788711548,0.9878588318824768,0,0,16.14689826965332,9.999999974752427e-7,1
B5,mixamorig_Head,4,0.9997109770774841,-0.004559402819722891,-0.023614460602402687,0,0.0014115828089416027,0.9912960529327393,-0.1316477209329605,0,0.024009181186556816,0.13157571852207184,0.9910150766372681,0,0,6.742493152618408,2.398719072341919,1
B6,mixamorig_HeadTop_End,5,1,0,0,0,0,1,0,0,0,0,1,0,0,23.393630981445312,8.322553634643555,1
B7,mixamorig_LeftShoulder,3,0.2778913974761963,0.016002459451556206,-0.9604788422584534,0,0.9012598395347595,-0.35035091638565063,0.25492003560066223,0,-0.3324260115623474,-0.9364820122718811,-0.1117812767624855,0,5.753243923187256,14.338214874267578,-0.11834400147199631,1
B8,mixamorig_LeftArm,7,0.9782952070236206,0.1960134655237198,-0.06720377504825592,0,-0.0539504699409008,0.5540791153907776,0.8307141661643982,0,0.20006684958934784,-0.8090587854385376,0.5526279807090759,0,0,12.162236213684082,0,1
B9,mixamorig_LeftForeArm,8,0.9971003532409668,0.02443353645503521,0.07206273823976517,0,-0.024810174480080605,0.9996832013130188,0.004332559183239937,0,-0.07193373888731003,-0.006107838824391365,0.9973909854888916,0,0,23.24664306640625,-9.999999974752427e-7,1
B10,mixamorig_LeftHand,9,0.9311614036560059,-0.12939010560512543,0.34087619185447693,0,0.07652400434017181,0.98344486951828,0.16425931453704834,0,-0.35648608207702637,-0.1268669217824936,0.9256470799446106,0,9.999999974752427e-7,26.62986946105957,-9.999999974752427e-7,1
B11,mixamorig_LeftHandThumb1,10,0.8398231863975525,0.5408880114555359,-0.046222999691963196,0,-0.48986199498176575,0.7917770147323608,0.3648611903190613,0,0.2339480072259903,-0.2837759852409363,0.9299139976501465,0,-2.6567440032958984,3.94999098777771,1.3707489967346191,1
B12,mixamorig_LeftHandThumb2,11,0.8559790253639221,-0.4879719913005829,-0.17082899808883667,0,0.4542349874973297,0.8676137924194336,-0.2022801786661148,0,0.24692100286483765,0.09555117785930634,0.9643129706382751,0,0.025544000789523125,3.962920904159546,0,1
B13,mixamorig_LeftHandThumb3,12,0.9826729893684387,-0.08938799798488617,0.16236799955368042,0,0.1263268142938614,0.9640399813652039,-0.23381482064723969,0,-0.13562899827957153,0.25027480721473694,0.9586279988288879,0,0.1404619961977005,3.8125081062316895,0,1
B14,mixamorig_LeftHandThumb4,13,1,0,0,0,0,1,0,0,0,0,1,0,-0.16600599884986877,3.2513349056243896,0,1
B15,mixamorig_LeftHandIndex1,10,0.9915120005607605,0.12898500263690948,-0.016336999833583832,0,-0.12703299522399902,0.9878469705581665,0.08956000208854675,0,0.02769000083208084,-0.08672399818897247,0.9958469867706299,0,-3.7738559246063232,12.47386646270752,-0.4959560036659241,1
B16,mixamorig_LeftHandIndex2,15,0.9955080151557922,-0.09356100112199783,-0.014472000300884247,0,0.09361200034618378,0.9499379992485046,0.2980848252773285,0,-0.014140999875962734,-0.29809999465942383,0.9544299840927124,0,0.09107600152492523,3.310638904571533,0,1
B17,mixamorig_LeftHandIndex3,16,0.99959397315979,0.028371000662446022,-0.0026801798958331347,0,-0.02771800011396408,0.9897948503494263,0.1397801786661148,0,0.0066189998760819435,-0.1396491825580597,0.9901790022850037,0,-0.1069910004734993,2.963021993637085,0,1
B18,mixamorig_LeftHandIndex4,17,1,0,0,0,0,1,0,0,0,0,1,0,0.015915999189019203,2.3226048946380615,0,1
B19,mixamorig_LeftHandMiddle1,10,0.9985020160675049,0.04523000121116638,0.030786819756031036,0,-0.05104200169444084,0.9726880192756653,0.22643600404262543,0,-0.019703999161720276,-0.2276681810617447,0.9735389947891235,0,-1.1218559741973877,12.833970069885254,-0.5604820251464844,1
B20,mixamorig_LeftHandMiddle2,19,0.9972259998321533,-0.07357499748468399,-0.011253000237047672,0,0.07359299808740616,0.9520670175552368,0.2969048321247101,0,-0.011130999773740768,-0.29690900444984436,0.9548410177230835,0,0.06519600003957748,3.402245044708252,0,1
B21,mixamorig_LeftHandMiddle3,20,0.9986259937286377,-0.05116799846291542,-0.011335000395774841,0,0.05214018002152443,0.9481379985809326,0.31355300545692444,0,-0.005295999813824892,-0.313713014125824,0.9495030045509338,0,-0.029332999140024185,3.1827070713043213,0,1
B22,mixamorig_LeftHandMiddle4,21,1,0,0,0,0,1,0,0,0,0,1,0,-0.0358630008995533,2.8361849784851074,0,1
B23,mixamorig_LeftHandRing1,10,0.9959759712219238,-0.026917999610304832,0.08548100292682648,0,-0.0017040000529959798,0.9479650259017944,0.3183709979057312,0,-0.0896029993891716,-0.3172360062599182,0.944104015827179,0,1.3657430410385132,12.573445320129395,-0.7772549986839294,1
B24,mixamorig_LeftHandRing2,23,0.9981139898300171,-0.060423001646995544,-0.010886999778449535,0,0.060412000864744186,0.9349392056465149,0.34962600469589233,0,-0.010947000235319138,-0.34962400794029236,0.9368259906768799,0,-0.03060699999332428,3.192383050918579,0,1
B25,mixamorig_LeftHandRing3,24,0.996632993221283,-0.0813559964299202,-0.010231000371277332,0,0.08066499978303909,0.9503880143165588,0.30042698979377747,0,-0.01471799984574318,-0.3002401888370514,0.9537500143051147,0,0.0344339981675148,3.1800379753112793,0,1
B26,mixamorig_LeftHandRing4,25,1,0,0,0,0,1,0,0,0,0,1,0,-0.003826000029221177,2.471859931945801,0,1
B27,mixamorig_LeftHandPinky1,10,0.9911869764328003,-0.09414699673652649,0.09318699687719345,0,0.047373998910188675,0.9088839888572693,0.4143501818180084,0,-0.12370599806308746,-0.40628400444984436,0.9053339958190918,0,3.5299689769744873,11.137417793273926,-0.5669860243797302,1
B28,mixamorig_LeftHandPinky2,27,0.9994639754295349,-0.03235200047492981,-0.004984000232070684,0,0.03240400180220604,0.9563009738922119,0.2905830144882202,0,-0.0046350001357495785,-0.2905881702899933,0.956836998462677,0,-0.058997999876737595,3.074069023132324,0,1
B29,mixamorig_LeftHandPinky3,28,0.9942089915275574,-0.10702700167894363,-0.009664000011980534,0,0.10553018003702164,0.9553999900817871,0.2758159935474396,0,-0.02028599940240383,-0.2752380073070526,0.9611619710922241,0,0.0709649994969368,2.626344919204712,0,1
B30,mixamorig_LeftHandPinky4,29,1,0,0,0,0,1,0,0,0,0,1,0,-0.011966999620199203,1.9216539859771729,0,1
B31,mixamorig_RightShoulder,3,0.2448883205652237,-0.01995818130671978,0.9693456292152405,0,-0.8957127928733826,-0.3873478174209595,0.21831084787845612,0,0.37111711502075195,-0.9217172265052795,-0.1127333790063858,0,-5.753243923187256,14.33663272857666,-0.09100499749183655,1
B32,mixamorig_RightArm,31,0.9208534955978394,-0.32893240451812744,0.20936116576194763,0,0.06575354188680649,0.6602657437324524,0.7481483817100525,0,-0.3843246400356293,-0.6751687526702881,0.6296365261077881,0,0,12.162236213684082,0,1
B33,mixamorig_RightForeArm,32,0.9887264370918274,-0.11168329417705536,-0.09973502159118652,0,0.11396811902523041,0.9933304190635681,0.017498379573225975,0,0.09711556136608124,-0.028667937964200974,0.9948601722717285,0,0,23.236886978149414,0,1
B34,mixamorig_RightHand,33,0.9848788380622864,0.13933292031288147,-0.1029595285654068,0,-0.12137416005134583,0.9789939522743225,0.1638280302286148,0,0.12362360954284668,-0.14885428547859192,0.9811009764671326,0,0,26.584266662597656,-9.999999974752427e-7,1
B35,mixamorig_RightHandThumb1,34,0.8556830286979675,-0.5172500014305115,0.016094999387860298,0,0.47690901160240173,0.800258994102478,0.3635160028934479,0,-0.20090800523757935,-0.30337899923324585,0.9314489960670471,0,2.595215082168579,4.117066860198975,1.640876054763794,1
B36,mixamorig_RightHandThumb2,35,0.8322569727897644,0.5413190126419067,0.11967799812555313,0,-0.5117679834365845,0.8331630229949951,-0.20960299670696259,0,-0.2131730020046234,0.11319600045681,0.9704350233078003,0,0.24319599568843842,4.1015448570251465,0,1
B37,mixamorig_RightHandThumb3,36,0.9836869835853577,-0.126133993268013,-0.128261998295784,0,0.07781700044870377,0.9411979913711548,-0.32877200841903687,0,0.16218900680541992,0.3134278357028961,0.9356589913368225,0,0.07941599935293198,3.725635051727295,0,1
B38,mixamorig_RightHandThumb4,37,1,0,0,0,0,1,0,0,0,0,1,0,-0.322613000869751,2.9361250400543213,0,1
B39,mixamorig_RightHandIndex1,34,0.9925220012664795,-0.1206429973244667,-0.01859300024807453,0,0.12174399942159653,0.9894229769706726,0.07886499911546707,0,0.008882000111043453,-0.08053900301456451,0.9967120289802551,0,4.091742992401123,12.603148460388184,-0.36904099583625793,1
B40,mixamorig_RightHandIndex2,39,0.998324990272522,0.05719500035047531,0.008761179633438587,0,-0.05720299854874611,0.9527770280838013,0.2982339859008789,0,0.008709999732673168,-0.29823601245880127,0.9544528126716614,0,-0.030098000541329384,3.1212680339813232,0,1
B41,mixamorig_RightHandIndex3,40,0.9999629855155945,-0.008528999984264374,0.001054819906130433,0,0.008297179825603962,0.9901540279388428,0.13973799347877502,0,-0.0022360000293701887,-0.139724001288414,0.9901880025863647,0,0.04797999933362007,3.0183870792388916,0,1
B42,mixamorig_RightHandIndex4,41,1,0,0,0,0,1,0,0,0,0,1,0,-0.017882000654935837,2.315593957901001,0,1
B43,mixamorig_RightHandMiddle1,34,0.9984380006790161,-0.045823000371456146,-0.031957998871803284,0,0.051732998341321945,0.974291980266571,0.21926699578762054,0,0.02108900062739849,-0.22057799994945526,0.9751409888267517,0,1.1854829788208008,12.77390193939209,-0.5135650038719177,1
B44,mixamorig_RightHandMiddle2,43,0.9991629719734192,0.04042482003569603,0.006237000226974487,0,-0.04044400155544281,0.9536259770393372,0.2982650101184845,0,0.0061090001836419106,-0.2982670068740845,0.954463005065918,0,-0.009015999734401703,3.3798251152038574,0,1
B45,mixamorig_RightHandMiddle3,44,0.9991689920425415,0.040196821093559265,0.006785999983549118,0,-0.04028782248497009,0.9482560157775879,0.3149409890174866,0,0.006224819924682379,-0.31495216488838196,0.9490870237350464,0,0.00291600008495152,3.2555720806121826,0,1
B46,mixamorig_RightHandMiddle4,45,1,0,0,0,0,1,0,0,0,0,1,0,0.006099999882280827,2.8288869857788086,0,1
B47,mixamorig_RightHandRing1,34,0.9972119927406311,0.016728999093174934,-0.07272399961948395,0,0.006864000111818314,0.9498540163040161,0.31261780858039856,0,0.07430700212717056,-0.3122450113296509,0.9470909833908081,0,-1.2553600072860718,12.752937316894531,-0.7873650193214417,1
B48,mixamorig_RightHandRing2,47,0.9999340176582336,0.011272000148892403,0.002114820061251521,0,-0.011292999610304832,0.9355551600456238,0.3529990017414093,0,0.002001000102609396,-0.3529999852180481,0.9356210231781006,0,0.07263900339603424,2.9522509574890137,0,1
B49,mixamorig_RightHandRing3,48,0.9955019950866699,0.09434500336647034,0.008635000325739384,0,-0.09251199662685394,0.9484109878540039,0.30324700474739075,0,0.020419999957084656,-0.3026820123195648,0.9528729915618896,0,-0.0941379964351654,3.1473300457000732,0,1
B50,mixamorig_RightHandRing4,49,1,0,0,0,0,1,0,0,0,0,1,0,0.0215000007301569,2.3067550659179688,0,1
B51,mixamorig_RightHandPinky1,34,0.9876469969749451,0.0929638221859932,-0.12613900005817413,0,-0.03325999900698662,0.9110270142555237,0.4110029935836792,0,0.15312400460243225,-0.401731014251709,0.9028649926185608,0,-4.021864891052246,12.34079360961914,-0.3876110017299652,1
B52,mixamorig_RightHandPinky2,51,0.9996160268783569,0.02738099917769432,0.00417400011792779,0,-0.02741299942135811,0.956512987613678,0.2903980016708374,0,0.003959000110626221,-0.29040101170539856,0.9568970203399658,0,0.07275500148534775,2.564146041870117,0,1
B53,mixamorig_RightHandPinky3,52,0.9964830279350281,0.0836080014705658,0.0056779999285936356,0,-0.08192899823188782,0.9577379822731018,0.2757279872894287,0,0.017614999786019325,-0.2752229869365692,0.9612190127372742,0,-0.049685999751091,2.097656011581421,0,1
B54,mixamorig_RightHandPinky4,53,1,0,0,0,0,1,0,0,0,0,1,0,-0.023068999871611595,1.5161590576171875,0,1
B55,mixamorig_LeftUpLeg,0,-0.9486310482025146,-0.1558430939912796,0.27534162998199463,0,0.19809089601039886,-0.9711440205574036,0.13281410932540894,0,0.24669820070266724,0.18053372204303741,0.9521276354789734,0,10.731403350830078,-5.972190856933594,0.6138049960136414,1
B56,mixamorig_LeftLeg,55,0.9990682601928711,0.029867682605981827,0.031158767640590668,0,-0.01909746043384075,0.9532879590988159,-0.30145972967147827,0,-0.0387076698243618,0.30058416724205017,0.9529696106910706,0,0,41.71830368041992,0,1
B57,mixamorig_LeftFoot,56,0.9878391623497009,-0.0445067398250103,0.14897046983242035,0,-0.10147656500339508,0.5413646697998047,0.8346416354179382,0,-0.11779399961233139,-0.8396094441413879,0.5302648544311523,0,0,38.22944641113281,0,1
B58,mixamorig_LeftToeBase,57,0.999545156955719,0.0008759999764151871,-0.03014283999800682,0,0.019448738545179367,0.7451804876327515,0.6665787696838379,0,0.023046018555760384,-0.6668617725372314,0.7448244690895081,0,0,18.371400833129883,0,1
B59,mixamorig_LeftToe_End,58,1,0,0,0,0,1,0,0,0,0,1,0,0,7.186718940734863,0,1
B60,mixamorig_RightUpLeg,0,-0.9850454330444336,-0.02342904545366764,-0.1706952005624771,0,0.032533906400203705,-0.9981817007064819,-0.050739388912916183,0,-0.1691960245370865,-0.05553418770432472,0.9840168356895447,0,-10.731403350830078,-5.972190856933594,0.5927299857139587,1
B61,mixamorig_RightLeg,60,0.9851531982421875,-0.012357654981315136,-0.1712300032377243,0,-0.012275919318199158,0.9897822737693787,-0.142057865858078,0,0.1712362915277481,0.14205077290534973,0.9749354124069214,0,0,41.780555725097656,0,1
B62,mixamorig_RightFoot,61,0.984567403793335,-0.019999364390969276,-0.173861563205719,0,0.16221864521503448,0.4770878851413727,0.8637547492980957,0,0.06567243486642838,-0.8786275386810303,0.4729692339897156,0,0,38.14480972290039,0,1
B63,mixamorig_RightToeBase,62,0.9997738003730774,-0.0006331800832413137,0.021274521946907043,0,-0.014178440906107426,0.725654125213623,0.6879141330718994,0,-0.01587316021323204,-0.6880601048469543,0.725480318069458,0,0,18.6698055267334,0,1
B64,mixamorig_RightToe_End,63,1,0,0,0,0,1,0,0,0,0,1,0,0,7.153266906738281,0,1
@52,0,1,2,3,4,5,7,8,9,10,11,12,13,15,16,17,19,20,21,23,24,25,27,28,29,31,32,33,34,35,36,37,39,40,41,43,44,45,47,48,49,51,52,53,55,56,57,58,60,61,62,63
K0.000,0.9940620064735413,-0.05372399836778641,0.09463100135326385,0,0.05955500155687332,0.996425986289978,-0.05991100147366524,0,-0.09107399731874466,0.06519100069999695,0.9937080144882202,0,0.43288400769233704,95.87166595458984,-0.7064120173454285,1,0.9987649917602539,0.04336800053715706,-0.024228999391198158,0,-0.04335600137710571,0.9990590214729309,0.0009980000322684646,0,0.024250000715255737,0.00005400000009103678,0.999705970287323,0,0,10.746635437011719,-0.6216719746589661,1,0.9996150135993958,0.027476999908685684,-0.0037960000336170197,0,-0.02739500068128109,0.9994199872016907,0.020235000178217888,0,0.004350000061094761,-0.02012299932539463,0.9997879862785339,0,0,12.558688163757324,0,1,0.9996110200881958,0.02755899913609028,-0.004188000224530697,0,-0.02747100032866001,0.9994270205497742,0.019795000553131104,0,0.004730999935418367,-0.019672000780701637,0.9997950196266174,0,0,14.352798461914062,0,1,0.9999679923057556,0.007625000085681677,0.0025939999613910913,0,-0.007935999892652035,0.9878299832344055,0.1553339958190918,0,-0.0013780000153928995,-0.155349001288414,0.9878590106964111,0,0,16.14689826965332,0,1,0.9997109770774841,-0.0045540002174675465,-0.023615000769495964,0,0.0014059999957680702,0.9912949800491333,-0.1316560059785843,0,0.02400900050997734,0.13158400356769562,0.9910140037536621,0,0,6.742493152618408,2.398719072341919,1,0.27787700295448303,0.016002999618649483,-0.9604830145835876,0,0.9012569785118103,-0.35036998987197876,0.25490400195121765,0,-0.33244600892066956,-0.9364749789237976,-0.1117819994688034,0,5.753243923187256,14.338214874267578,-0.11834400147199631,1,0.9783009886741638,0.1959960013628006,-0.06717099994421005,0,-0.053971000015735626,0.5540909767150879,0.8307049870491028,0,0.20003299415111542,-0.809054970741272,0.5526459813117981,0,0,12.162236213684082,0,1,0.9970999956130981,0.024442000314593315,0.07206399738788605,0,-0.02481899969279766,0.9996830224990845,0.004333999939262867,0,-0.07193499803543091,-0.00610999995842576,0.9973909854888916,0,0,23.24664306640625,0,1,0.9311599731445312,-0.1293729990720749,0.34088701009750366,0,0.07650599628686905,0.9834470152854919,0.16425499320030212,0,-0.3564940094947815,-0.12686799466609955,0.9256439805030823,0,0,26.62986946105957,0,1,0.8398230075836182,0.5408880114555359,-0.046222999691963196,0,-0.48986199498176575,0.7917770147323608,0.36486101150512695,0,0.2339480072259903,-0.2837759852409363,0.9299139976501465,0,-2.6567440032958984,3.94999098777771,1.3707489967346191,1,0.8559790253639221,-0.4879719913005829,-0.17082899808883667,0,0.4542349874973297,0.8676139712333679,-0.20227999985218048,0,0.24692100286483765,0.09555099904537201,0.9643129706382751,0,0.025544000789523125,3.962920904159546,0,1,0.9826729893684387,-0.08938799798488617,0.16236799955368042,0,0.12632699310779572,0.9640399813652039,-0.233814999461174,0,-0.13562899827957153,0.25027498602867126,0.9586279988288879,0,0.1404619961977005,3.8125081062316895,0,1,0.9915120005607605,0.12898500263690948,-0.016336999833583832,0,-0.12703299522399902,0.9878469705581665,0.08956000208854675,0,0.02769000083208084,-0.08672399818897247,0.9958469867706299,0,-3.7738559246063232,12.47386646270752,-0.4959560036659241,1,0.9955080151557922,-0.09356100112199783,-0.014472000300884247,0,0.09361200034618378,0.9499379992485046,0.2980850040912628,0,-0.014140999875962734,-0.29809999465942383,0.9544299840927124,0,0.09107600152492523,3.310638904571533,0,1,0.99959397315979,0.028371000662446022,-0.00267999991774559,0,-0.02771800011396408,0.9897950291633606,0.13977999985218048,0,0.0066189998760819435,-0.13964900374412537,0.9901790022850037,0,-0.1069910004734993,2.963021993637085,0,1,0.9985020160675049,0.04523000121116638,0.030787000432610512,0,-0.05104200169444084,0.9726880192756653,0.22643600404262543,0,-0.019703999161720276,-0.22766800224781036,0.9735389947891235,0,-1.1218559741973877,12.833970069885254,-0.5604820251464844,1,0.9972259998321533,-0.07357499748468399,-0.011253000237047672,0,0.07359299808740616,0.9520670175552368,0.2969050109386444,0,-0.011130999773740768,-0.29690900444984436,0.9548410177230835,0,0.06519600003957748,3.402245044708252,0,1,0.9986259937286377,-0.05116799846291542,-0.011335000395774841,0,0.0521400012075901,0.9481379985809326,0.31355300545692444,0,-0.005295999813824892,-0.313713014125824,0.9495030045509338,0,-0.029332999140024185,3.1827070713043213,0,1,0.9959759712219238,-0.026917999610304832,0.08548100292682648,0,-0.0017040000529959798,0.9479650259017944,0.3183709979057312,0,-0.0896029993891716,-0.3172360062599182,0.944104015827179,0,1.3657430410385132,12.573445320129395,-0.7772549986839294,1,0.9981139898300171,-0.060423001646995544,-0.010886999778449535,0,0.060412000864744186,0.9349390268325806,0.34962600469589233,0,-0.010947000235319138,-0.34962400794029236,0.9368259906768799,0,-0.03060699999332428,3.192383050918579,0,1,0.996632993221283,-0.0813559964299202,-0.010231000371277332,0,0.08066499978303909,0.9503880143165588,0.30042698979377747,0,-0.01471799984574318,-0.30024001002311707,0.9537500143051147,0,0.0344339981675148,3.1800379753112793,0,1,0.9911869764328003,-0.09414699673652649,0.09318699687719345,0,0.047373998910188675,0.9088839888572693,0.4143500030040741,0,-0.12370599806308746,-0.40628400444984436,0.9053339958190918,0,3.5299689769744873,11.137417793273926,-0.5669860243797302,1,0.9994639754295349,-0.03235200047492981,-0.004984000232070684,0,0.03240400180220604,0.9563009738922119,0.2905830144882202,0,-0.0046350001357495785,-0.29058799147605896,0.956836998462677,0,-0.058997999876737595,3.074069023132324,0,1,0.9942089915275574,-0.10702700167894363,-0.009664000011980534,0,0.10553000122308731,0.9553999900817871,0.2758159935474396,0,-0.02028599940240383,-0.2752380073070526,0.9611619710922241,0,0.0709649994969368,2.626344919204712,0,1,0.2448749989271164,-0.019958000630140305,0.9693490266799927,0,-0.8957039713859558,-0.387376993894577,0.21829499304294586,0,0.3711470067501068,-0.9217050075531006,-0.11273500323295593,0,-5.753243923187256,14.33663272857666,-0.09100499749183655,1,0.9208580255508423,-0.32892701029777527,0.20935000479221344,0,0.06575299799442291,0.660256028175354,0.7481570243835449,0,-0.38431400060653687,-0.675180971622467,0.6296300292015076,0,0,12.162236213684082,0,1,0.9887250065803528,-0.11169499903917313,-0.0997370034456253,0,0.1139800027012825,0.9933289885520935,0.017500000074505806,0,0.09711699932813644,-0.02867100015282631,0.9948599934577942,0,0,23.236886978149414,0,1,0.9848759770393372,0.13933399319648743,-0.10298600047826767,0,-0.12137199938297272,0.9789950251579285,0.1638229936361313,0,0.123649001121521,-0.14884600043296814,0.981099009513855,0,0,26.584266662597656,0,1,0.8556830286979675,-0.5172500014305115,0.016094999387860298,0,0.47690901160240173,0.800258994102478,0.3635160028934479,0,-0.20090800523757935,-0.30337899923324585,0.9314489960670471,0,2.595215082168579,4.117066860198975,1.640876054763794,1,0.8322569727897644,0.5413190126419067,0.11967799812555313,0,-0.5117679834365845,0.8331630229949951,-0.20960299670696259,0,-0.2131730020046234,0.11319600045681,0.9704350233078003,0,0.24319599568843842,4.1015448570251465,0,1,0.9836869835853577,-0.126133993268013,-0.128261998295784,0,0.07781700044870377,0.9411979913711548,-0.32877200841903687,0,0.16218900680541992,0.31342801451683044,0.9356589913368225,0,0.07941599935293198,3.725635051727295,0,1,0.9925220012664795,-0.1206429973244667,-0.01859300024807453,0,0.12174399942159653,0.9894229769706726,0.07886499911546707,0,0.008882000111043453,-0.08053900301456451,0.9967120289802551,0,4.091742992401123,12.603148460388184,-0.36904099583625793,1,0.998324990272522,0.05719500035047531,0.008760999888181686,0,-0.05720299854874611,0.9527770280838013,0.2982339859008789,0,0.008709999732673168,-0.29823601245880127,0.9544529914855957,0,-0.030098000541329384,3.1212680339813232,0,1,0.9999629855155945,-0.008528999984264374,0.0010550000006332994,0,0.008297000080347061,0.9901540279388428,0.13973799347877502,0,-0.0022360000293701887,-0.139724001288414,0.9901880025863647,0,0.04797999933362007,3.0183870792388916,0,1,0.9984380006790161,-0.045823000371456146,-0.031957998871803284,0,0.051732998341321945,0.974291980266571,0.21926699578762054,0,0.02108900062739849,-0.22057799994945526,0.9751409888267517,0,1.1854829788208008,12.77390193939209,-0.5135650038719177,1,0.9991629719734192,0.040424998849630356,0.006237000226974487,0,-0.04044400155544281,0.9536259770393372,0.2982650101184845,0,0.0061090001836419106,-0.2982670068740845,0.954463005065918,0,-0.009015999734401703,3.3798251152038574,0,1,0.9991689920425415,0.04019699990749359,0.006785999983549118,0,-0.04028800129890442,0.9482560157775879,0.3149409890174866,0,0.006225000135600567,-0.31495198607444763,0.9490870237350464,0,0.00291600008495152,3.2555720806121826,0,1,0.9972119927406311,0.016728999093174934,-0.07272399961948395,0,0.006864000111818314,0.9498540163040161,0.3126179873943329,0,0.07430700212717056,-0.3122450113296509,0.9470909833908081,0,-1.2553600072860718,12.752937316894531,-0.7873650193214417,1,0.9999340176582336,0.011272000148892403,0.0021150000393390656,0,-0.011292999610304832,0.9355549812316895,0.3529990017414093,0,0.002001000102609396,-0.3529999852180481,0.9356210231781006,0,0.07263900339603424,2.9522509574890137,0,1,0.9955019950866699,0.09434500336647034,0.008635000325739384,0,-0.09251199662685394,0.9484109878540039,0.30324700474739075,0,0.020419999957084656,-0.3026820123195648,0.9528729915618896,0,-0.0941379964351654,3.1473300457000732,0,1,0.9876469969749451,0.09296400099992752,-0.12613900005817413,0,-0.03325999900698662,0.9110270142555237,0.4110029935836792,0,0.15312400460243225,-0.401731014251709,0.9028649926185608,0,-4.021864891052246,12.34079360961914,-0.3876110017299652,1,0.9996160268783569,0.02738099917769432,0.00417400011792779,0,-0.02741299942135811,0.956512987613678,0.2903980016708374,0,0.003959000110626221,-0.29040101170539856,0.9568970203399658,0,0.07275500148534775,2.564146041870117,0,1,0.9964830279350281,0.0836080014705658,0.0056779999285936356,0,-0.08192899823188782,0.9577379822731018,0.2757279872894287,0,0.017614999786019325,-0.2752229869365692,0.9612190127372742,0,-0.049685999751091,2.097656011581421,0,1,-0.9486209750175476,-0.1558530032634735,0.2753709852695465,0,0.19809000194072723,-0.9711530208587646,0.132750004529953,0,0.246738001704216,0.18047699332237244,0.952127993106842,0,10.731403350830078,-5.972190856933594,0.6138049960136414,1,0.9990689754486084,0.02986299991607666,0.031144000589847565,0,-0.01909800060093403,0.9532909989356995,-0.3014500141143799,0,-0.03869200125336647,0.30057498812675476,0.9529730081558228,0,0,41.71830368041992,0,1,0.9878389835357666,-0.04450799897313118,0.14897100627422333,0,-0.10147800296545029,0.5413529872894287,0.8346490263938904,0,-0.11779399961233139,-0.8396170139312744,0.530252993106842,0,0,38.22944641113281,0,1,0.9995449781417847,0.0008759999764151871,-0.03014500066637993,0,0.019449999555945396,0.7451900243759155,0.6665679812431335,0,0.023048000410199165,-0.6668509840965271,0.7448340058326721,0,0,18.371400833129883,0,1,-0.985044002532959,-0.02341499924659729,-0.17070600390434265,0,0.032524000853300095,-0.9981809854507446,-0.05076099932193756,0,-0.16920700669288635,-0.05555399879813194,0.9840139746665955,0,-10.731403350830078,-5.972190856933594,0.5927299857139587,1,0.9851530194282532,-0.012369000352919102,-0.1712300032377243,0,-0.012276999652385712,0.9897720217704773,-0.14212900400161743,0,0.1712370067834854,0.14212100207805634,0.9749249815940857,0,0,41.780555725097656,0,1,0.9845690131187439,-0.019990000873804092,-0.17385399341583252,0,0.16221000254154205,0.47705599665641785,0.8637740015983582,0,0.06567099690437317,-0.8786450028419495,0.4729369878768921,0,0,38.14480972290039,0,1,0.9997739791870117,-0.0006329999887384474,0.021271999925374985,0,-0.014177000150084496,0.72564297914505,0.6879259943962097,0,-0.015870999544858932,-0.6880720257759094,0.7254689931869507,0,0,18.6698055267334,0,1
K0.033,0.9940639734268188,-0.05375400185585022,0.09459300339221954,0,0.05955500155687332,0.9964439868927002,-0.05960199609398842,0,-0.09105300158262253,0.06488200277090073,0.9937300086021423,0,0.4337170124053955,95.87269592285156,-0.7046899199485779,1,0.9987689852714539,0.043327998369932175,-0.02414899878203869,0,-0.0433179996907711,0.9990609884262085,0.0009369983454234898,0,0.02416599728167057,0.00011100148549303412,0.9997079968452454,0,0,10.746635437011719,-0.6216719746589661,1,0.9996160268783569,0.027463000267744064,-0.0037629990838468075,0,-0.027381999418139458,0.9994210004806519,0.020214999094605446,0,0.004315998870879412,-0.02010500058531761,0.9997889995574951,0,0,12.558688163757324,0,1,0.9996119737625122,0.02754499949514866,-0.004155999049544334,0,-0.02745800092816353,0.9994270205497742,0.01977499946951866,0,0.004697998985648155,-0.019652999937534332,0.9997959733009338,0,0,14.352798461914062,0,1,0.9999669790267944,0.007643000688403845,0.0025919999461621046,0,-0.007952000014483929,0.9878290295600891,0.1553409993648529,0,-0.0013729998609051108,-0.1553560048341751,0.98785799741745,0,0,16.14689826965332,0,1,0.9997109770774841,-0.004584000911563635,-0.023612000048160553,0,0.0014370008138939738,0.9913010001182556,-0.13161000609397888,0,0.024010000750422478,0.1315380036830902,0.9910200238227844,0,0,6.742493152618408,2.398719072341919,1,0.2779569923877716,0.01600000075995922,-0.9604600071907043,0,0.9012730121612549,-0.3502640128135681,0.2549929916858673,0,-0.3323349952697754,-0.9365140199661255,-0.11177799850702286,0,5.753243923187256,14.338214874267578,-0.11834400147199631,1,0.9782689809799194,0.19609299302101135,-0.0673530101776123,0,-0.053856994956731796,0.5540249943733215,0.8307560086250305,0,0.2002210021018982,-0.8090760111808777,0.5525460243225098,0,0,12.162236213684082,0,1,0.9971020221710205,0.02439499832689762,0.07205700129270554,0,-0.024769997224211693,0.9996839761734009,0.00432599987834692,0,-0.0719280019402504,-0.0060979994013905525,0.9973909854888916,0,0,23.24664306640625,0,1,0.9311680197715759,-0.12946799397468567,0.34082698822021484,0,0.07660599797964096,0.9834349751472473,0.1642789989709854,0,-0.35644999146461487,-0.12686200439929962,0.925661027431488,0,0,26.62986946105957,0,1,0.8398240208625793,0.5408880114555359,-0.046222999691963196,0,-0.48986199498176575,0.7917770147323608,0.36486199498176575,0,0.2339480072259903,-0.2837759852409363,0.9299139976501465,0,-2.6567440032958984,3.94999098777771,1.3707489967346191,1,0.8559790253639221,-0.4879719913005829,-0.17082899808883667,0,0.4542349874973297,0.8676130175590515,-0.20228099822998047,0,0.24692100286483765,0.095551997423172,0.9643129706382751,0,0.025544000789523125,3.962920904159546,0,1,0.9826729893684387,-0.08938799798488617,0.16236799955368042,0,0.12632599472999573,0.9640399813652039,-0.23381400108337402,0,-0.13562899827957153,0.25027400255203247,0.9586279988288879,0,0.1404619961977005,3.8125081062316895,0,1,0.9915120005607605,0.12898500263690948,-0.016336999833583832,0,-0.12703299522399902,0.9878469705581665,0.08956000208854675,0,0.02769000083208084,-0.08672399818897247,0.9958469867706299,0,-3.7738559246063232,12.47386646270752,-0.4959560036659241,1,0.9955080151557922,-0.09356100112199783,-0.014472000300884247,0,0.09361200034618378,0.9499379992485046,0.29808399081230164,0,-0.014140999875962734,-0.29809999465942383,0.9544299840927124,0,0.09107600152492523,3.310638904571533,0,1,0.99959397315979,0.028371000662446022,-0.0026809999253600836,0,-0.02771800011396408,0.9897940158843994,0.13978099822998047,0,0.0066189998760819435,-0.13965000212192535,0.9901790022850037,0,-0.1069910004734993,2.963021993637085,0,1,0.9985020160675049,0.04523000121116638,0.030786000192165375,0,-0.05104200169444084,0.9726880192756653,0.22643600404262543,0,-0.019703999161720276,-0.22766900062561035,0.9735389947891235,0,-1.1218559741973877,12.833970069885254,-0.5604820251464844,1,0.9972259998321533,-0.07357499748468399,-0.011253000237047672,0,0.07359299808740616,0.9520670175552368,0.2969039976596832,0,-0.011130999773740768,-0.29690900444984436,0.9548410177230835,0,0.06519600003957748,3.402245044708252,0,1,0.9986259937286377,-0.05116799846291542,-0.011335000395774841,0,0.05214099958539009,0.9481379985809326,0.31355300545692444,0,-0.005295999813824892,-0.313713014125824,0.9495030045509338,0,-0.029332999140024185,3.1827070713043213,0,1,0.9959759712219238,-0.026917999610304832,0.08548100292682648,0,-0.0017040000529959798,0.9479650259017944,0.3183709979057312,0,-0.0896029993891716,-0.3172360062599182,0.944104015827179,0,1.3657430410385132,12.573445320129395,-0.7772549986839294,1,0.9981139898300171,-0.060423001646995544,-0.010886999778449535,0,0.060412000864744186,0.934939980506897,0.34962600469589233,0,-0.010947000235319138,-0.34962400794029236,0.9368259906768799,0,-0.03060699999332428,3.192383050918579,0,1,0.996632993221283,-0.0813559964299202,-0.010231000371277332,0,0.08066499978303909,0.9503880143165588,0.30042698979377747,0,-0.01471799984574318,-0.30024099349975586,0.9537500143051147,0,0.0344339981675148,3.1800379753112793,0,1,0.9911869764328003,-0.09414699673652649,0.09318699687719345,0,0.047373998910188675,0.9088839888572693,0.4143509864807129,0,-0.12370599806308746,-0.40628400444984436,0.9053339958190918,0,3.5299689769744873,11.137417793273926,-0.5669860243797302,1,0.9994639754295349,-0.03235200047492981,-0.004984000232070684,0,0.03240400180220604,0.9563009738922119,0.2905830144882202,0,-0.0046350001357495785,-0.29058900475502014,0.956836998462677,0,-0.058997999876737595,3.074069023132324,0,1,0.9942089915275574,-0.10702700167894363,-0.009664000011980534,0,0.1055309996008873,0.9553999900817871,0.2758159935474396,0,-0.02028599940240383,-0.2752380073070526,0.9611619710922241,0,0.0709649994969368,2.626344919204712,0,1,0.24494899809360504,-0.01995900087058544,0.9693300127983093,0,-0.895753026008606,-0.3872149884700775,0.21838299930095673,0,0.37098100781440735,-0.9217730164527893,-0.11272600293159485,0,-5.753243923187256,14.33663272857666,-0.09100499749183655,1,0.9208329916000366,-0.3289569914340973,0.20941199362277985,0,0.06575600057840347,0.6603099703788757,0.748108983039856,0,-0.3843730092048645,-0.6751130223274231,0.6296659708023071,0,0,12.162236213684082,0,1,0.9887329936027527,-0.11163000017404556,-0.09972599893808365,0,0.11391399800777435,0.9933369755744934,0.017490999773144722,0,0.09710899740457535,-0.028653999790549278,0.9948610067367554,0,0,23.236886978149414,0,1,0.9848920106887817,0.1393280029296875,-0.10283899307250977,0,-0.12138400226831436,0.9789890050888062,0.16385099291801453,0,0.12350799888372421,-0.14889200031757355,0.9811099767684937,0,0,26.584266662597656,0,1,0.8556830286979675,-0.5172500014305115,0.016094999387860298,0,0.47690901160240173,0.800258994102478,0.3635160028934479,0,-0.20090800523757935,-0.30337899923324585,0.9314489960670471,0,2.595215082168579,4.117066860198975,1.640876054763794,1,0.8322569727897644,0.5413190126419067,0.11967799812555313,0,-0.5117679834365845,0.8331630229949951,-0.20960299670696259,0,-0.2131730020046234,0.11319600045681,0.9704350233078003,0,0.24319599568843842,4.1015448570251465,0,1,0.9836869835853577,-0.126133993268013,-0.128261998295784,0,0.07781700044870377,0.9411979913711548,-0.32877200841903687,0,0.16218900680541992,0.31342700123786926,0.9356589913368225,0,0.07941599935293198,3.725635051727295,0,1,0.9925220012664795,-0.1206429973244667,-0.01859300024807453,0,0.12174399942159653,0.9894229769706726,0.07886499911546707,0,0.008882000111043453,-0.08053900301456451,0.9967120289802551,0,4.091742992401123,12.603148460388184,-0.36904099583625793,1,0.998324990272522,0.05719500035047531,0.008762000128626823,0,-0.05720299854874611,0.9527770280838013,0.2982339859008789,0,0.008709999732673168,-0.29823601245880127,0.9544519782066345,0,-0.030098000541329384,3.1212680339813232,0,1,0.9999629855155945,-0.008528999984264374,0.001053999993018806,0,0.008298000320792198,0.9901540279388428,0.13973799347877502,0,-0.0022360000293701887,-0.139724001288414,0.9901880025863647,0,0.04797999933362007,3.0183870792388916,0,1,0.9984380006790161,-0.045823000371456146,-0.031957998871803284,0,0.051732998341321945,0.974291980266571,0.21926699578762054,0,0.02108900062739849,-0.22057799994945526,0.9751409888267517,0,1.1854829788208008,12.77390193939209,-0.5135650038719177,1,0.9991629719734192,0.04042400047183037,0.006237000226974487,0,-0.04044400155544281,0.9536259770393372,0.2982650101184845,0,0.0061090001836419106,-0.2982670068740845,0.954463005065918,0,-0.009015999734401703,3.3798251152038574,0,1,0.9991689920425415,0.040196001529693604,0.006785999983549118,0,-0.04028699919581413,0.9482560157775879,0.3149409890174866,0,0.00622399989515543,-0.3149529993534088,0.9490870237350464,0,0.00291600008495152,3.2555720806121826,0,1,0.9972119927406311,0.016728999093174934,-0.07272399961948395,0,0.006864000111818314,0.9498540163040161,0.3126170039176941,0,0.07430700212717056,-0.3122450113296509,0.9470909833908081,0,-1.2553600072860718,12.752937316894531,-0.7873650193214417,1,0.9999340176582336,0.011272000148892403,0.002114000031724572,0,-0.011292999610304832,0.9355559945106506,0.3529990017414093,0,0.002001000102609396,-0.3529999852180481,0.9356210231781006,0,0.07263900339603424,2.9522509574890137,0,1,0.9955019950866699,0.09434500336647034,0.008635000325739384,0,-0.09251199662685394,0.9484109878540039,0.30324700474739075,0,0.020419999957084656,-0.3026820123195648,0.9528729915618896,0,-0.0941379964351654,3.1473300457000732,0,1,0.9876469969749451,0.09296300262212753,-0.12613900005817413,0,-0.03325999900698662,0.9110270142555237,0.4110029935836792,0,0.15312400460243225,-0.401731014251709,0.9028649926185608,0,-4.021864891052246,12.34079360961914,-0.3876110017299652,1,0.9996160268783569,0.02738099917769432,0.00417400011792779,0,-0.02741299942135811,0.956512987613678,0.2903980016708374,0,0.003959000110626221,-0.29040101170539856,0.9568970203399658,0,0.07275500148534775,2.564146041870117,0,1,0.9964830279350281,0.0836080014705658,0.0056779999285936356,0,-0.08192899823188782,0.9577379822731018,0.2757279872894287,0,0.017614999786019325,-0.2752229869365692,0.9612190127372742,0,-0.049685999751091,2.097656011581421,0,1,-0.9486770033836365,-0.15579800307750702,0.2752079963684082,0,0.19809499382972717,-0.9711030125617981,0.13310599327087402,0,0.24651700258255005,0.18079200387001038,0.9521260261535645,0,10.731403350830078,-5.972190856933594,0.6138049960136414,1,0.9990649819374084,0.029889000579714775,0.03122600167989731,0,-0.019094999879598618,0.9532740116119385,-0.301503986120224,0,-0.03877900540828705,0.3006260097026825,0.9529539942741394,0,0,41.71830368041992,0,1,0.9878399968147278,-0.04450099915266037,0.14896799623966217,0,-0.10147000104188919,0.5414180159568787,0.8346080183982849,0,-0.11779399961233139,-0.8395749926567078,0.5303189754486084,0,0,38.22944641113281,0,1,0.9995459914207458,0.0008759999764151871,-0.030132999643683434,0,0.019442999735474586,0.7451369762420654,0.6666280031204224,0,0.023036999627947807,-0.6669110059738159,0.7447810173034668,0,0,18.371400833129883,0,1,-0.9850519895553589,-0.023492999374866486,-0.17064599692821503,0,0.032579001039266586,-0.9981849789619446,-0.050641000270843506,0,-0.16914600133895874,-0.05544399842619896,0.98403000831604,0,-10.731403350830078,-5.972190856933594,0.5927299857139587,1,0.9851539731025696,-0.012306000106036663,-0.1712300032377243,0,-0.012270999141037464,0.9898290038108826,-0.14173400402069092,0,0.17123299837112427,0.14173099398612976,0.9749829769134521,0,0,41.780555725097656,0,1,0.9845600128173828,-0.020042000338435173,-0.17389599978923798,0,0.16225799918174744,0.47723299264907837,0.8636670112609863,0,0.06567899882793427,-0.8785480260848999,0.473116010427475,0,0,38.14480972290039,0,1,0.9997730255126953,-0.0006339999963529408,0.021285999566316605,0,-0.014185000211000443,0.7257050275802612,0.6878600120544434,0,-0.015883000567555428,-0.6880059838294983,0.7255319952964783,0,0,18.6698055267334,0,1
