0.967,30,29,65
B0,mixamorig_Hips,-1,0.9944571852684021,0.08974935859441757,0.053868893533945084,0,-0.08970952033996582,0.9959213137626648,-0.0033791782334446907,0,-0.05398076772689819,-0.0014324587536975741,0.9985265135765076,0,4.79042387008667,92.38150787353516,2.247373104095459,1
B1,mixamorig_Spine,0,0.9998523592948914,-0.01149729359894991,-0.012260787189006805,0,0.011372030712664127,0.9998746514320374,-0.008819800801575184,0,0.012346685864031315,0.008685450069606304,0.9998632073402405,0,0,10.746635437011719,-0.6216719746589661,1
B2,mixamorig_Spine1,1,0.9990783929824829,-0.030561910942196846,-0.029814427718520164,0,0.031154891476035118,0.9993126392364502,0.019901005551218987,0,0.029182184487581253,-0.020803673192858696,0.9993478059768677,0,0,12.558688163757324,0,1
B3,mixamorig_Spine2,2,0.9987707138061523,-0.04088623821735382,-0.027628721669316292,0,0.03921101242303848,0.997518002986908,-0.05841292813420296,0,0.02994472160935402,0.05726725980639458,0.9978989958763123,0,0,14.352798461914062,0,1
B4,mixamorig_Neck,3,0.9987294673919678,-0.050042033195495605,0.004343105014413595,0,0.050141360610723495,0.9983199834823608,-0.028582213446497917,0,-0.002892999444156885,0.02875877171754837,0.999575138092041,0,0,16.14689826965332,9.999999974752427e-7,1
B5,mixamorig_Head,4,0.9993506669998169,-0.007048317231237888,0.03514739125967026,0,0.007332323584705591,0.9999042749404907,-0.00807459931820631,0,-0.03511557728052139,0.008329135365784168,0.9993178248405457,0,0,6.742493152618408,2.398719072341919,1
B6,mixamorig_HeadTop_End,5,1,0,0,0,0,1,0,0,0,0,1,0,0,23.393630981445312,8.322553634643555,1
B7,mixamorig_LeftShoulder,3,0.15440882742404938,0.1021275669336319,-0.9827012419700623,0,0.9400023221969604,-0.3214055597782135,0.1142953485250473,0,-0.30417460203170776,-0.941413938999176,-0.14564335346221924,0,5.753243923187256,14.338214874267578,-0.11834400147199631,1
B8,mixamorig_LeftArm,7,0.8070937395095825,-0.544326663017273,-0.2228570282459259,0,0.4557899832725525,0.3394128978252411,0.8219261765480042,0,-0.371764600276947,-0.7656060457229614,0.5239084959030151,0,0,12.162236213684082,0,1
B9,mixamorig_LeftForeArm,8,0.886411726474762,0.4544665813446045,0.08794155716896057,0,-0.4611038863658905,0.8836036920547485,0.0814107209444046,0,-0.04070717841386795,-0.11271374672651291,0.9927935004234314,0,0,23.24664306640625,-9.999999974752427e-7,1
B10,mixamorig_LeftHand,9,0.6206321120262146,-0.018879611045122147,-0.7838515639305115,0,0.31246113777160645,0.9224859476089478,0.22516223788261414,0,0.7187705039978027,-0.3846793472766876,0.5785635709762573,0,9.999999974752427e-7,26.62986946105957,-9.999999974752427e-7,1
B11,mixamorig_LeftHandThumb1,10,0.6772350668907166,0.3462284505367279,-0.6492084264755249,0,-0.4120582044124603,0.9094753861427307,0.0551876500248909,0,0.6095567345619202,0.23013928532600403,0.7585943341255188,0,-2.6567440032958984,3.94999098777771,1.3707489967346191,1
B12,mixamorig_LeftHandThumb2,11,0.8799240589141846,-0.3489212691783905,0.3220713436603546,0,0.2822006642818451,0.9298195242881775,0.23616568744182587,0,-0.38188040256500244,-0.11697430908679962,0.9166377782821655,0,0.025544000789523125,3.962920904159546,0,1
B13,mixamorig_LeftHandThumb3,12,0.9650670289993286,0.16084542870521545,-0.20538322627544403,0,-0.14208897948265076,0.9841707944869995,0.10366442054510117,0,0.21869096159934998,-0.07064390182495117,0.9730982184410095,0,0.1404619961977005,3.8125081062316895,0,1
B14,mixamorig_LeftHandThumb4,13,1,0,0,0,0,1,0,0,0,0,1,0,-0.16600599884986877,3.2513349056243896,0,1
B15,mixamorig_LeftHandIndex1,10,0.9774152636528015,0.080485500395298,-0.1953650414943695,0,-0.05660627409815788,0.9898567795753479,0.1252562403678894,0,0.20350173115730286,-0.11136910319328308,0.9720505475997925,0,-3.7738559246063232,12.47386646270752,-0.4959560036659241,1
B16,mixamorig_LeftHandIndex2,15,0.9942063689231873,-0.10651391744613647,-0.014455260708928108,0,0.1060384139418602,0.9498488306999207,0.2941724956035614,0,-0.017604172229766846,-0.294001042842865,0.9556404948234558,0,0.09107600152492523,3.310638904571533,0,1
B17,mixamorig_LeftHandIndex3,16,0.9992325901985168,0.039124246686697006,-0.0017886925488710403,0,-0.038890235126018524,0.9965775609016418,0.07290659844875336,0,0.004634569864720106,-0.0727810487151146,0.9973345398902893,0,-0.1069910004734993,2.963021993637085,0,1
B18,mixamorig_LeftHandIndex4,17,1,0,0,0,0,1,0,0,0,0,1,0,0.015915999189019203,2.3226048946380615,0,1
B19,mixamorig_LeftHandMiddle1,10,0.9985096454620361,-0.05171755328774452,0.017439913004636765,0,0.04609350487589836,0.9700072407722473,0.23757688701152802,0,-0.02920437417924404,-0.23641899228096008,0.9709451794624329,0,-1.1218559741973877,12.833970069885254,-0.5604820251464844,1
B20,mixamorig_LeftHandMiddle2,19,0.9937382340431213,-0.10964951664209366,-0.021469660103321075,0,0.1076166182756424,0.8876338005065918,0.4478003680706024,0,-0.03004436194896698,-0.447306364774704,0.8938755393028259,0,0.06519600003957748,3.402245044708252,0,1
B21,mixamorig_LeftHandMiddle3,20,0.9987720847129822,-0.048620570451021194,-0.009484757669270039,0,0.0493764728307724,0.9616923332214355,0.2696487605571747,0,-0.003989054821431637,-0.26978573203086853,0.9629122018814087,0,-0.029332999140024185,3.1827070713043213,0,1
B22,mixamorig_LeftHandMiddle4,21,1,0,0,0,0,1,0,0,0,0,1,0,-0.0358630008995533,2.8361849784851074,0,1
B23,mixamorig_LeftHandRing1,10,0.9898079037666321,-0.12962526082992554,0.05895278602838516,0,0.08086336404085159,0.8523048162460327,0.5164124369621277,0,-0.11721567064523697,-0.5063796639442444,0.8541000485420227,0,1.3657430410385132,12.573445320129395,-0.7772549986839294,1
B24,mixamorig_LeftHandRing2,23,0.9987162947654724,-0.04979800805449486,-0.009271416813135147,0,0.05038345977663994,0.9577224254608154,0.28324785828590393,0,-0.005225714296102524,-0.2833518385887146,0.9590016603469849,0,-0.03060699999332428,3.192383050918579,0,1
B25,mixamorig_LeftHandRing3,24,0.9982302784919739,-0.05902935937047005,-0.007193966768682003,0,0.059232812374830246,0.9763187170028687,0.20807087421417236,0,-0.005258813034743071,-0.20812886953353882,0.9780873656272888,0,0.0344339981675148,3.1800379753112793,0,1
B26,mixamorig_LeftHandRing4,25,1,0,0,0,0,1,0,0,0,0,1,0,-0.003826000029221177,2.471859931945801,0,1
B27,mixamorig_LeftHandPinky1,10,0.9695788025856018,-0.23825891315937042,0.055712006986141205,0,0.18840762972831726,0.8720842599868774,0.45126157999038696,0,-0.1562185436487198,-0.42703977227211,0.8904685974121094,0,3.5299689769744873,11.137417793273926,-0.5669860243797302,1
B28,mixamorig_LeftHandPinky2,27,0.9966411590576172,-0.08030366897583008,-0.01602044701576233,0,0.07826845347881317,0.8767029047012329,0.4746174216270447,0,-0.024069039151072502,-0.4742768406867981,0.8800443410873413,0,-0.058997999876737595,3.074069023132324,0,1
B29,mixamorig_LeftHandPinky3,28,0.9969025254249573,-0.07864735275506973,-0.0005152401281520724,0,0.07820244133472443,0.9905202984809875,0.1129133328795433,0,-0.008370887488126755,-0.11260418593883514,0.9936027526855469,0,0.0709649994969368,2.626344919204712,0,1
B30,mixamorig_LeftHandPinky4,29,1,0,0,0,0,1,0,0,0,0,1,0,-0.011966999620199203,1.9216539859771729,0,1
B31,mixamorig_RightShoulder,3,0.16788585484027863,0.008153704926371574,0.9857722520828247,0,-0.9754734635353088,-0.14302100241184235,0.16731514036655426,0,0.14235037565231323,-0.9896857142448425,-0.016057094559073448,0,-5.753243923187256,14.33663272857666,-0.09100499749183655,1
B32,mixamorig_RightArm,31,0.9886391758918762,-0.14698158204555511,0.024177219718694687,0,0.04813820868730545,0.46794334053993225,0.882211446762085,0,-0.1408151537179947,-0.8711980581283569,0.4700022339820862,0,0,12.162236213684082,0,1
B33,mixamorig_RightForeArm,32,0.6725642085075378,-0.7275877594947815,-0.13434024155139923,0,0.7398794889450073,0.6617544889450073,0.12008251249790192,0,0.001492586568929255,-0.1801583170890808,0.9836291074752808,0,0,23.236886978149414,0,1
B34,mixamorig_RightHand,33,0.8648839592933655,-0.13521242141723633,0.48138388991355896,0,0.19537656009197235,0.9767059683799744,-0.07540112733840942,0,-0.459575891494751,0.16019952297210693,0.8728512525558472,0,0,26.584266662597656,-9.999999974752427e-7,1
B35,mixamorig_RightHandThumb1,34,0.8256955146789551,-0.46127012372016907,0.324150949716568,0,0.37466245889663696,0.8784933686256409,0.295723557472229,0,-0.4212355613708496,-0.12285399436950684,0.8985674381256104,0,2.595215082168579,4.117066860198975,1.640876054763794,1
B36,mixamorig_RightHandThumb2,35,0.9859156608581543,0.1570490598678589,0.05586178973317146,0,-0.14271512627601624,0.9685277938842773,-0.20363448560237885,0,-0.08607491105794907,0.19290831685066223,0.9773915410041809,0,0.24319599568843842,4.1015448570251465,0,1
B37,mixamorig_RightHandThumb3,36,0.9059850573539734,-0.3890027701854706,-0.166918084025383,0,0.39179760217666626,0.9198869466781616,-0.01722775585949421,0,0.16024897992610931,-0.04978844150900841,0.9858193397521973,0,0.07941599935293198,3.725635051727295,0,1
B38,mixamorig_RightHandThumb4,37,1,0,0,0,0,1,0,0,0,0,1,0,-0.322613000869751,2.9361250400543213,0,1
B39,mixamorig_RightHandIndex1,34,0.9908603429794312,-0.12912246584892273,-0.03885955363512039,0,0.13456517457962036,0.966284990310669,0.2183828353881836,0,0.009335054084658623,-0.22161686420440674,0.9748296737670898,0,4.091742992401123,12.603148460388184,-0.36904099583625793,1
B40,mixamorig_RightHandIndex2,39,0.9952606558799744,0.09513270854949951,0.020162006840109825,0,-0.09404969960451126,0.8889164328575134,0.44830209016799927,0,0.02472677454352379,-0.44807374477386475,0.8936503529548645,0,-0.030098000541329384,3.1212680339813232,0,1
B41,mixamorig_RightHandIndex3,40,0.9999823570251465,-0.005116271320730448,-0.002969868713989854,0,0.005772183183580637,0.9538838863372803,0.3001083731651306,0,0.001298317452892661,-0.30012044310569763,0.9538965225219727,0,0.04797999933362007,3.0183870792388916,0,1
B42,mixamorig_RightHandIndex4,41,1,0,0,0,0,1,0,0,0,0,1,0,-0.017882000654935837,2.315593957901001,0,1
B43,mixamorig_RightHandMiddle1,34,0.9983955025672913,-0.019422870129346848,-0.05313260853290558,0,0.04079006612300873,0.8981820344924927,0.4370324909687042,0,0.039221134036779404,-0.438499391078949,0.8975340723991394,0,1.1854829788208008,12.77390193939209,-0.5135650038719177,1
B44,mixamorig_RightHandMiddle2,43,0.9939016699790955,0.10592752695083618,0.030634073540568352,0,-0.1022181510925293,0.780881941318512,0.6162558794021606,0,0.04135710746049881,-0.615628719329834,0.7869482636451721,0,-0.009015999734401703,3.3798251152038574,0,1
B45,mixamorig_RightHandMiddle3,44,0.9967995285987854,0.07696894556283951,0.021589601412415504,0,-0.07699884474277496,0.8518754839897156,0.5180498957633972,0,0.02148279920220375,-0.5180543661117554,0.8550759553909302,0,0.00291600008495152,3.2555720806121826,0,1
B46,mixamorig_RightHandMiddle4,45,1,0,0,0,0,1,0,0,0,0,1,0,0.006099999882280827,2.8288869857788086,0,1
B47,mixamorig_RightHandRing1,34,0.9900423884391785,0.13748754560947418,-0.03017580322921276,0,-0.081112340092659,0.7323787808418274,0.6757806539535522,0,0.11498238891363144,-0.6666097640991211,0.7362411618232727,0,-1.2553600072860718,12.752937316894531,-0.7873650193214417,1
B48,mixamorig_RightHandRing2,47,0.9994099140167236,0.032943662256002426,0.009711187332868576,0,-0.03407976031303406,0.9160861968994141,0.3995310664176941,0,0.004265539348125458,-0.39962607622146606,0.9166678190231323,0,0.07263900339603424,2.9522509574890137,0,1
B49,mixamorig_RightHandRing3,48,0.9969911575317383,0.07739360630512238,0.004365187603980303,0,-0.07411376386880875,0.9352084994316101,0.34625551104545593,0,0.022715331986546516,-0.3455374836921692,0.9381297826766968,0,-0.0941379964351654,3.1473300457000732,0,1
B50,mixamorig_RightHandRing4,49,1,0,0,0,0,1,0,0,0,0,1,0,0.0215000007301569,2.3067550659179688,0,1
B51,mixamorig_RightHandPinky1,34,0.9724792242050171,0.22406908869743347,-0.06377148628234863,0,-0.1073116734623909,0.6737032532691956,0.730886697769165,0,0.2066722959280014,-0.7039491534233093,0.6792198419570923,0,-4.021864891052246,12.34079360961914,-0.3876110017299652,1
B52,mixamorig_RightHandPinky2,51,0.9838752746582031,0.16577494144439697,0.06713773310184479,0,-0.1622597575187683,0.6694109439849854,0.7249535918235779,0,0.07523772120475769,-0.7241578698158264,0.6855160593986511,0,0.07275500148534775,2.564146041870117,0,1
B53,mixamorig_RightHandPinky3,52,0.9833658933639526,0.17933110892772675,0.028843797743320465,0,-0.15305227041244507,0.7325924634933472,0.6632353067398071,0,0.09780903160572052,-0.6566174030303955,0.7478535175323486,0,-0.049685999751091,2.097656011581421,0,1
B54,mixamorig_RightHandPinky4,53,1,0,0,0,0,1,0,0,0,0,1,0,-0.023068999871611595,1.5161590576171875,0,1
B55,mixamorig_LeftUpLeg,0,-0.9899547696113586,0.13905030488967896,0.022029496729373932,0,-0.1197589635848999,-0.9126870632171631,0.3888275623321533,0,0.0737539529800415,0.38233280181884766,0.9203314781188965,0,10.731403350830078,-5.972190856933594,0.6138049960136414,1
B56,mixamorig_LeftLeg,55,0.9968766570091248,-0.016720907762646675,0.07702023535966873,0,0.046537503600120544,0.9135906100273132,-0.4039606750011444,0,-0.06361149251461029,0.4062775671482086,0.9115201830863953,0,0,41.71830368041992,0,1
B57,mixamorig_LeftFoot,56,0.9783141016960144,0.15400190651416779,0.13847671449184418,0,-0.20111997425556183,0.5471657514572144,0.8118382692337036,0,0.04932089522480965,-0.8220789432525635,0.5662809014320374,0,0,38.22944641113281,0,1
B58,mixamorig_LeftToeBase,57,0.9992471933364868,0.00044596599764190614,-0.038793064653873444,0,0.023909376934170723,0.7803951501846313,0.6248281598091125,0,0.030552711337804794,-0.6252856850624084,0.7797965407371521,0,0,18.371400833129883,0,1
B59,mixamorig_LeftToe_End,58,1,0,0,0,0,1,0,0,0,0,1,0,0,7.186718940734863,0,1
B60,mixamorig_RightUpLeg,0,-0.9775558114051819,0.1645461916923523,-0.13130109012126923,0,-0.16083812713623047,-0.9838653802871704,-0.035267576575279236,0,-0.134430393576622,-0.0134580098092556,0.9883927702903748,0,-10.731403350830078,-5.972190856933594,0.5927299857139587,1
B61,mixamorig_RightLeg,60,0.9923673272132874,0.036599840968847275,0.11657120287418365,0,0.07769165933132172,0.5483353137969971,-0.8280692100524902,0,-0.09552930295467377,0.8308827877044678,0.5413698554039001,0,0,41.780555725097656,0,1
B62,mixamorig_RightFoot,61,0.981663167476654,0.07288267463445663,-0.17355285584926605,0,0.05226093903183937,0.777798593044281,0.6240931153297424,0,0.1793723851442337,-0.6221773624420166,0.7607318162918091,0,0,38.14480972290039,0,1
B63,mixamorig_RightToeBase,62,0.9990280270576477,-0.008335424587130547,0.04215874895453453,0,-0.021014705300331116,0.7672600150108337,0.6389033198356628,0,-0.03789641335606575,-0.639149010181427,0.7663682699203491,0,0,18.6698055267334,0,1
B64,mixamorig_RightToe_End,63,1,0,0,0,0,1,0,0,0,0,1,0,0,7.153266906738281,0,1
@52,0,1,2,3,4,5,7,8,9,10,11,12,13,15,16,17,19,20,21,23,24,25,27,28,29,31,32,33,34,35,36,37,39,40,41,43,44,45,47,48,49,51,52,53,55,56,57,58,60,61,62,63
K0.000,0.9823639988899231,-0.07058899849653244,-0.1731400042772293,0,0.06867700070142746,0.9974939823150635,-0.017014000564813614,0,0.17390699684619904,0.00482300017029047,0.984749972820282,0,0.29350098967552185,94.91492462158203,-0.9597100019454956,1,0.9987310171127319,0.04817099869251251,0.014721999876201153,0,-0.047981999814510345,0.9987649917602539,-0.012908999808132648,0,-0.015324999578297138,0.012186000123620033,0.9998080134391785,0,0,10.746635437011719,-0.6216719746589661,1,0.9991000294685364,0.011266999877989292,0.04088500142097473,0,-0.012431999668478966,0.999521017074585,0.028351999819278717,0,-0.04054500162601471,-0.028835000470280647,0.9987620115280151,0,0,12.558688163757324,0,1,0.9991949796676636,0.004126999992877245,0.039900001138448715,0,-0.0020830000285059214,0.9986900091171265,-0.051134999841451645,0,-0.04005799815058708,0.05101099982857704,0.9978939890861511,0,0,14.352798461914062,0,1,0.9996510148048401,-0.017152000218629837,0.02010600082576275,0,0.017169000580906868,0.9998520016670227,-0.0006459999713115394,0,-0.02009199932217598,0.000990999978967011,0.9997979998588562,0,0,16.14689826965332,0,1,0.9977390170097351,0.006990999914705753,0.06684999912977219,0,-0.005402000155299902,0.9996989965438843,-0.023910999298095703,0,-0.0669969990849495,0.023496000096201897,0.9974759817123413,0,0,6.742493152618408,2.398719072341919,1,0.3489820063114166,0.12838999927043915,-0.928292989730835,0,0.9305390119552612,-0.16474400460720062,0.32704100012779236,0,-0.11094199866056442,-0.977944016456604,-0.17696499824523926,0,5.753243923187256,14.338214874267578,-0.11834400147199631,1,0.9708629846572876,-0.23938100039958954,-0.011001000180840492,0,0.10125300288200378,0.3681800067424774,0.9242249727249146,0,-0.21719199419021606,-0.8984100222587585,0.38168999552726746,0,0,12.162236213684082,0,1,0.8121190071105957,0.5746740102767944,0.10105899721384048,0,-0.583066999912262,0.8058760166168213,0.10294400155544281,0,-0.022281000390648842,-0.1425269991159439,0.9895399808883667,0,0,23.24664306640625,0,1,0.8210700154304504,0.2608869969844818,-0.507722020149231,0,-0.2422270029783249,0.9646350145339966,0.10394500195980072,0,0.516884982585907,0.03763800114393234,0.855226993560791,0,0,26.62986946105957,0,1,0.7102109789848328,0.3671239912509918,-0.6006839871406555,0,-0.2762709856033325,0.930154025554657,0.24184300005435944,0,0.6475149989128113,-0.005807999987155199,0.7620310187339783,0,-2.6567440032958984,3.94999098777771,1.3707489967346191,1,0.9233300089836121,-0.13165000081062317,0.3607349991798401,0,0.09506700187921524,0.9885209798812866,0.1174279972910881,0,-0.37205401062965393,-0.07413099706172943,0.925246000289917,0,0.025544000789523125,3.962920904159546,0,1,0.9798750281333923,0.037126000970602036,-0.1961269974708557,0,-0.02480899915099144,0.9975839853286743,0.06488899886608124,0,0.19806300103664398,-0.0587179996073246,0.9784290194511414,0,0.1404619961977005,3.8125081062316895,0,1,0.9980549812316895,0.0521400012075901,-0.034170001745224,0,-0.055723000317811966,0.9919139742851257,-0.11402200162410736,0,0.027948999777436256,0.1157039999961853,0.9928900003433228,0,-3.7738559246063232,12.47386646270752,-0.4959560036659241,1,0.9942669868469238,-0.10599900037050247,-0.01408000010997057,0,0.10553800314664841,0.9515929818153381,0.2886750102043152,0,-0.017201000824570656,-0.28850600123405457,0.9573230147361755,0,0.09107600152492523,3.310638904571533,0,1,0.9992089867591858,0.03971799835562706,-0.0018070000223815441,0,-0.039507001638412476,0.9969599843025208,0.06716100126504898,0,0.004468999803066254,-0.06703600287437439,0.9977409839630127,0,-0.1069910004734993,2.963021993637085,0,1,0.9989500045776367,-0.04131000116467476,0.01982099935412407,0,0.03546399995684624,0.9710109829902649,0.23638799786567688,0,-0.02901099994778633,-0.23543700575828552,0.9714570045471191,0,-1.1218559741973877,12.833970069885254,-0.5604820251464844,1,0.9936779737472534,-0.1101439967751503,-0.021750999614596367,0,0.1080700010061264,0.8858739733695984,0.45116299390792847,0,-0.030424999073147774,-0.4506610035896301,0.8921759724617004,0,0.06519600003957748,3.402245044708252,0,1,0.9987450242042542,-0.04914199933409691,-0.009692000225186348,0,0.04992000013589859,0.9606639742851257,0.2731899917125702,0,-0.0041149999015033245,-0.2733309864997864,0.9619110226631165,0,-0.029332999140024185,3.1827070713043213,0,1,0.9900969862937927,-0.1267170011997223,0.06041700020432472,0,0.07664299756288528,0.8484990000724792,0.5236179828643799,0,-0.1176149994134903,-0.5138019919395447,0.8498079776763916,0,1.3657430410385132,12.573445320129395,-0.7772549986839294,1,0.998652994632721,-0.050988998264074326,-0.0096220001578331,0,0.05159499868750572,0.9560880064964294,0.2885029911994934,0,-0.005510999821126461,-0.2886109948158264,0.9574310183525085,0,-0.03060699999332428,3.192383050918579,0,1,0.9981560111045837,-0.06023100018501282,-0.0075170001946389675,0,0.06044600158929825,0.9750840067863464,0.21344199776649475,0,-0.005526000168174505,-0.21350200474262238,0.9769269824028015,0,0.0344339981675148,3.1800379753112793,0,1,0.9689469933509827,-0.24175000190734863,0.051940999925136566,0,0.19086499512195587,0.8647879958152771,0.4644489884376526,0,-0.15719899535179138,-0.44011300802230835,0.8840749859809875,0,3.5299689769744873,11.137417793273926,-0.5669860243797302,1,0.9966750144958496,-0.07992299646139145,-0.015876000747084618,0,0.07790199667215347,0.8774620294570923,0.4732770025730133,0,-0.02389499917626381,-0.47293999791145325,0.8807709813117981,0,-0.058997999876737595,3.074069023132324,0,1,0.9969339966773987,-0.07824499905109406,-0.00044999999227002263,0,0.07780800014734268,0.9907259941101074,0.111394003033638,0,-0.008270000107586384,-0.11108700186014175,0.9937760233879089,0,0.0709649994969368,2.626344919204712,0,1,0.07902099937200546,0.015852000564336777,0.9967470169067383,0,-0.965919017791748,-0.24601000547409058,0.08049000054597855,0,0.24648599326610565,-0.9691380262374878,-0.004127999767661095,0,-5.753243923187256,14.33663272857666,-0.09100499749183655,1,0.9038800001144409,0.2494570016860962,0.34752199053764343,0,-0.4235270023345947,0.4074940085411072,0.8090569972991943,0,0.06021200120449066,-0.8784760236740112,0.4739780128002167,0,0,12.162236213684082,0,1,0.8464480042457581,-0.521789014339447,-0.10611899942159653,0,0.5306040048599243,0.8432340025901794,0.08611699938774109,0,0.044548001140356064,-0.1292009949684143,0.9906169772148132,0,0,23.236886978149414,0,1,0.7762280106544495,-0.05307000130414963,0.6282150149345398,0,-0.029405999928712845,0.9923179745674133,0.12016399949789047,0,-0.6297659873962402,-0.11174800246953964,0.7687050104141235,0,0,26.584266662597656,0,1,0.8781099915504456,-0.3537929952144623,0.3221080005168915,0,0.2976680099964142,0.9310299754142761,0.2111310064792633,0,-0.3745889961719513,-0.08951500058174133,0.9228600263595581,0,2.595215082168579,4.117066860198975,1.640876054763794,1,0.9827160239219666,0.1303270012140274,0.13146600127220154,0,-0.10678300261497498,0.9792019724845886,-0.17251400649547577,0,-0.15121500194072723,0.15549400448799133,0.9761949777603149,0,0.24319599568843842,4.1015448570251465,0,1,0.9127219915390015,-0.36848899722099304,-0.17650699615478516,0,0.3722720146179199,0.9280409812927246,-0.012419000267982483,0,0.16838200390338898,-0.05437399819493294,0.9842209815979004,0,0.07941599935293198,3.725635051727295,0,1,0.9933760166168213,-0.11195600032806396,-0.025899000465869904,0,0.1145630031824112,0.9824429750442505,0.14724400639533997,0,0.008958999998867512,-0.14923599362373352,0.9887610077857971,0,4.091742992401123,12.603148460388184,-0.36904099583625793,1,0.9952710270881653,0.09503799676895142,0.020097000524401665,0,-0.09395799785852432,0.8893300294876099,0.4475089907646179,0,0.024656999856233597,-0.44728100299835205,0.8940539956092834,0,-0.030098000541329384,3.1212680339813232,0,1,0.9999819993972778,-0.00523399980738759,-0.0029800001066178083,0,0.005886000115424395,0.9541540145874023,0.2992579936981201,0,0.001276999944821,-0.29927000403404236,0.9541680216789246,0,0.04797999933362007,3.0183870792388916,0,1,0.9979320168495178,0.06255300343036652,-0.014794999733567238,0,-0.053376998752355576,0.9346789717674255,0.3514629900455475,0,0.03581399843096733,-0.3499470055103302,0.9360849857330322,0,1.1854829788208008,12.77390193939209,-0.5135650038719177,1,0.9940000176429749,0.10517200082540512,0.03005100041627884,0,-0.10154200345277786,0.7851089835166931,0.6109769940376282,0,0.04066399857401848,-0.6103619933128357,0.7910779714584351,0,-0.009015999734401703,3.3798251152038574,0,1,0.99686598777771,0.0762299969792366,0.021126000210642815,0,-0.07625699788331985,0.8551030158996582,0.5128200054168701,0,0.02102700062096119,-0.5128239989280701,0.8582360148429871,0,0.00291600008495152,3.2555720806121826,0,1,0.9896820187568665,0.1402589976787567,-0.029255999252200127,0,-0.09185799956321716,0.7778419852256775,0.6217100024223328,0,0.1099570021033287,-0.612608015537262,0.7827010154724121,0,-1.2553600072860718,12.752937316894531,-0.7873650193214417,1,0.9994289875030518,0.0324070006608963,0.009538999758660793,0,-0.03353000059723854,0.9172260165214539,0.3969539999961853,0,0.004114000126719475,-0.3970470130443573,0.9177889823913574,0,0.07263900339603424,2.9522509574890137,0,1,0.9970340132713318,0.07684800028800964,0.0042050001211464405,0,-0.07361000031232834,0.9362159967422485,0.3436279892921448,0,0.02246999926865101,-0.3429189920425415,0.9390959739685059,0,-0.0941379964351654,3.1473300457000732,0,1,0.9710540175437927,0.2304680049419403,-0.0627560019493103,0,-0.1287750005722046,0.726406991481781,0.6750919818878174,0,0.20117400586605072,-0.6474699974060059,0.7350590229034424,0,-4.021864891052246,12.34079360961914,-0.3876110017299652,1,0.9834470152854919,0.1676429957151413,0.06876400113105774,0,-0.1640630066394806,0.6627439856529236,0.7306529879570007,0,0.07691500335931778,-0.7298399806022644,0.6792780160903931,0,0.07275500148534775,2.564146041870117,0,1,0.9829220175743103,0.18154199421405792,0.030124999582767487,0,-0.15469500422477722,0.7264540195465088,0.6695780158042908,0,0.09967199712991714,-0.6628029942512512,0.7421299815177917,0,-0.049685999751091,2.097656011581421,0,1,-0.9972530007362366,-0.07362200319766998,0.008088000118732452,0,0.07122500240802765,-0.923337996006012,0.3773239850997925,0,-0.02031099982559681,0.3768630027770996,0.9260460138320923,0,10.731403350830078,-5.972190856933594,0.6138049960136414,1,0.996757984161377,0.04970800131559372,-0.06327000260353088,0,-0.07693099975585938,0.3584049940109253,-0.9303910136222839,0,-0.023571999743580818,0.9322419762611389,0.361066997051239,0,0,41.71830368041992,0,1,0.9864310026168823,0.058959998190402985,0.153220996260643,0,-0.1608559936285019,0.5337910056114197,0.8301759958267212,0,-0.03284100070595741,-0.8435580134391785,0.5360320210456848,0,0,38.22944641113281,0,1,0.9992259740829468,0.0004030000127386302,-0.03934299945831299,0,0.02417900040745735,0.782558023929596,0.6221070289611816,0,0.03103799931704998,-0.6225770115852356,0.7819430232048035,0,0,18.371400833129883,0,1,-0.9679949879646301,-0.16543899476528168,-0.18872299790382385,0,0.14389599859714508,-0.9819530248641968,0.1227319985628128,0,-0.20562200248241425,0.09164799749851227,0.9743310213088989,0,-10.731403350830078,-5.972190856933594,0.5927299857139587,1,0.9994350075721741,0.021669000387191772,0.025678999722003937,0,-0.013861999846994877,0.9621019959449768,-0.27233898639678955,0,-0.03060699999332428,0.2718290090560913,0.9618589878082275,0,0,41.780555725097656,0,1,0.9577909708023071,-0.13849300146102905,-0.25190499424934387,0,0.2870599925518036,0.414218008518219,0.8637250065803528,0,-0.015275999903678894,-0.8995789885520935,0.436489999294281,0,0,38.14480972290039,0,1,0.9994410276412964,-0.0005310000269673765,0.03341500088572502,0,-0.020625999197363853,0.7769089937210083,0.6292750239372253,0,-0.026295000687241554,-0.6296129822731018,0.7764639854431152,0,0,18.6698055267334,0,1
K0.033,0.9877370595932007,-0.051884811371564865,-0.14725260436534882,0,0.05262182652950287,0.9986140131950378,0.0011141948634758592,0,0.1469905823469162,-0.008850153535604477,0.989098072052002,0,0.5579174757003784,95.1869888305664,-1.1210123300552368,1,0.9991999864578247,0.03952890634536743,0.005999903194606304,0,-0.03940591216087341,0.9990370273590088,-0.01927807927131653,0,-0.006755904294550419,0.01902608387172222,0.9997959733009338,0,0,10.746635437011719,-0.6216719746589661,1,0.999750018119812,0.0031879653688520193,0.022141791880130768,0,-0.0036959603894501925,0.9997299909591675,0.022952977567911148,0,-0.022062791511416435,-0.02302897721529007,0.9994909763336182,0,0,12.558688163757324,0,1,0.999754011631012,-0.004987044259905815,0.021621795371174812,0,0.006191032472997904,0.9984109997749329,-0.05601201951503754,0,-0.021308790892362595,0.05613201484084129,0.998196005821228,0,0,14.352798461914062,0,1,0.9996569752693176,-0.01293106283992529,0.022763989865779877,0,0.012774062342941761,0.9998940229415894,0.0070359669625759125,0,-0.022851990535855293,-0.006742965430021286,0.9997159838676453,0,0,16.14689826965332,0,1,0.9971330165863037,0.01523201260715723,0.07411704212427139,0,-0.014698020182549953,0.999862015247345,-0.007744906470179558,0,-0.0742250457406044,0.00663390476256609,0.9972190260887146,0,0,6.742493152618408,2.398719072341919,1,0.3498047888278961,0.12546992301940918,-0.9283820390701294,0,0.9287930130958557,-0.17591530084609985,0.3261847198009491,0,-0.12239035218954086,-0.9763769507408142,-0.1780720055103302,0,5.753243923187256,14.338214874267578,-0.11834400147199631,1,0.9507687091827393,-0.305734783411026,-0.05064738914370537,0,0.1568976789712906,0.33394789695739746,0.9294418692588806,0,-0.26724857091903687,-0.8916307091712952,0.36547720432281494,0,0,12.162236213684082,0,1,0.846233069896698,0.5242688655853271,0.09503599256277084,0,-0.5319249033927917,0.8415670394897461,0.09391498565673828,0,-0.030742015689611435,-0.1300249695777893,0.9910339713096619,0,0,23.24664306640625,0,1,0.7910109758377075,0.17193830013275146,-0.5871443152427673,0,-0.06626579165458679,0.9781296849250793,0.19715885818004608,0,0.6082020401954651,-0.11704789102077484,0.785104513168335,0,0,26.62986946105957,0,1,0.713576078414917,0.34106770157814026,-0.6119500994682312,0,-0.29183515906333923,0.9388100504875183,0.18294137716293335,0,0.6368998885154724,0.0480455681681633,0.7694480419158936,0,-2.6567440032958984,3.94999098777771,1.3707489967346191,1,0.9638071060180664,-0.0637388825416565,0.2588668763637543,0,0.022204918786883354,0.9868177771568298,0.16030476987361908,0,-0.26567310094833374,-0.14875467121601105,0.9525180459022522,0,0.025544000789523125,3.962920904159546,0,1,0.9527238011360168,0.17942069470882416,-0.24520614743232727,0,-0.1670076698064804,0.983417809009552,0.07068917155265808,0,0.2538232207298279,-0.026395950466394424,0.9668909311294556,0,0.1404619961977005,3.8125081062316895,0,1,0.9977819919586182,0.04142993688583374,-0.05210421606898308,0,-0.044345926493406296,0.9974390268325806,-0.056119684129953384,0,0.049645230174064636,0.058305688202381134,0.9970639944076538,0,-3.7738559246063232,12.47386646270752,-0.4959560036659241,1,0.9942290186882019,-0.10632000118494034,-0.014313002116978168,0,0.10585000365972519,0.9505119919776917,0.29210102558135986,0,-0.017452001571655273,-0.29193001985549927,0.956279993057251,0,0.09107600152492523,3.310638904571533,0,1,0.9992240071296692,0.03934899717569351,-0.0017949999310076237,0,-0.03912299498915672,0.9967269897460938,0.07074002176523209,0,0.004573000594973564,-0.07061402499675751,0.9974930286407471,0,-0.1069910004734993,2.963021993637085,0,1,0.9979289770126343,-0.06266713887453079,0.014508960768580437,0,0.05666813999414444,0.9632159471511841,0.262685090303421,0,-0.030437005683779716,-0.261319100856781,0.9647719860076904,0,-1.1218559741973877,12.833970069885254,-0.5604820251464844,1,0.9936839938163757,-0.11009600013494492,-0.021723000332713127,0,0.10802599787712097,0.8860470056533813,0.4508349895477295,0,-0.030386999249458313,-0.45033401250839233,0.8923429846763611,0,0.06519600003957748,3.402245044708252,0,1,0.9987469911575317,-0.04910099878907204,-0.009676000103354454,0,0.049876999109983444,0.9607449769973755,0.27291300892829895,0,-0.004104999825358391,-0.27305299043655396,0.9619899988174438,0,-0.029332999140024185,3.1827070713043213,0,1,0.9892039895057678,-0.13586804270744324,0.054909974336624146,0,0.08355503529310226,0.8307519555091858,0.5503360629081726,0,-0.12039000540971756,-0.5398070812225342,0.8331359624862671,0,1.3657430410385132,12.573445320129395,-0.7772549986839294,1,0.9986870288848877,-0.05035899579524994,-0.00943599920719862,0,0.05095399543642998,0.9569560289382935,0.2857249975204468,0,-0.005358999595046043,-0.28582999110221863,0.9582650065422058,0,-0.03060699999332428,3.192383050918579,0,1,0.998196005821228,-0.05959399789571762,-0.007344999350607395,0,0.05980299785733223,0.9757429957389832,0.21059098839759827,0,-0.005383999552577734,-0.2106509804725647,0.9775469899177551,0,0.0344339981675148,3.1800379753112793,0,1,0.9655799865722656,-0.2566600441932678,0.04220498725771904,0,0.2066650241613388,0.85555100440979,0.47468098998069763,0,-0.15794099867343903,-0.44962000846862793,0.8791450262069702,0,3.5299689769744873,11.137417793273926,-0.5669860243797302,1,0.9966809749603271,-0.07984399795532227,-0.01584699936211109,0,0.07782600075006485,0.8776199817657471,0.4729979932308197,0,-0.023858999833464622,-0.47266098856925964,0.8809210062026978,0,-0.058997999876737595,3.074069023132324,0,1,0.9969409704208374,-0.07816100120544434,-0.00043600023491308093,0,0.07772599905729294,0.9907680153846741,0.11107701063156128,0,-0.008249999955296516,-0.11077100783586502,0.9938120245933533,0,0.0709649994969368,2.626344919204712,0,1,0.08461515605449677,0.015944991260766983,0.9962859749794006,0,-0.9650260806083679,-0.24767173826694489,0.08592315018177032,0,0.2481217384338379,-0.9687130451202393,-0.005570020526647568,0,-5.753243923187256,14.33663272857666,-0.09100499749183655,1,0.9393812417984009,0.23035971820354462,0.25396209955215454,0,-0.3323860466480255,0.4300220310688019,0.8394052982330322,0,0.08415519446134567,-0.8729350566864014,0.48052284121513367,0,0,12.162236213684082,0,1,0.83843994140625,-0.5343030691146851,-0.10741900652647018,0,0.5433300733566284,0.8348749279975891,0.0881820097565651,0,0.042564988136291504,-0.1322990208864212,0.9902949929237366,0,0,23.236886978149414,0,1,0.7663590312004089,-0.020306767895817757,0.642090916633606,0,-0.047602154314517975,0.9949569702148438,0.08828183263540268,0,-0.6406459212303162,-0.09821996837854385,0.7615280747413635,0,0,26.584266662597656,0,1,0.8783759474754333,-0.35661011934280396,0.3182530105113983,0,0.3030600845813751,0.9304159283638,0.20610809326171875,0,-0.369608074426651,-0.08459103852510452,0.9253290295600891,0,2.595215082168579,4.117066860198975,1.640876054763794,1,0.9834079742431641,0.13341601192951202,0.12291789054870605,0,-0.11129201948642731,0.9787909984588623,-0.17199504375457764,0,-0.14325790107250214,0.15546105802059174,0.9773989915847778,0,0.24319599568843842,4.1015448570251465,0,1,0.9114500284194946,-0.372501015663147,-0.17464998364448547,0,0.37608301639556885,0.926488995552063,-0.01338700857013464,0,0.16679798066616058,-0.05348099395632744,0.9845399856567383,0,0.07941599935293198,3.725635051727295,0,1,0.9926660060882568,-0.11783305555582047,-0.027009012177586555,0,0.1205720603466034,0.9812020063400269,0.15068504214286804,0,0.00874599814414978,-0.15283605456352234,0.9882130026817322,0,4.091742992401123,12.603148460388184,-0.36904099583625793,1,0.9952679872512817,0.09506600350141525,0.02011599764227867,0,-0.09398499876260757,0.889208972454071,0.4477419853210449,0,0.02467699721455574,-0.44751399755477905,0.8939359784126282,0,-0.030098000541329384,3.1212680339813232,0,1,0.9999819993972778,-0.005199001636356115,-0.002977000316604972,0,0.005852001719176769,0.9540759921073914,0.2995089888572693,0,0.0012829996412619948,-0.29952099919319153,0.9540889859199524,0,0.04797999933362007,3.0183870792388916,0,1,0.9984930157661438,0.051533885300159454,-0.018863046541810036,0,-0.04126486927270889,0.9316559433937073,0.36099210381507874,0,0.036177001893520355,-0.3596690893173218,0.9323779344558716,0,1.1854829788208008,12.77390193939209,-0.5135650038719177,1,0.9939960241317749,0.10519900172948837,0.03007199987769127,0,-0.10156600177288055,0.784961998462677,0.611162006855011,0,0.040688998997211456,-0.6105480194091797,0.7909340262413025,0,-0.009015999734401703,3.3798251152038574,0,1,0.9968649744987488,0.07625000178813934,0.021138999611139297,0,-0.07627800107002258,0.8550140261650085,0.5129640102386475,0,0.021040000021457672,-0.5129680037498474,0.8581500053405762,0,0.00291600008495152,3.2555720806121826,0,1,0.9896799921989441,0.1403059959411621,-0.029114997014403343,0,-0.09155400097370148,0.7754389643669128,0.6247500777244568,0,0.11023300886154175,-0.6156370639801025,0.7802819609642029,0,-1.2553600072860718,12.752937316894531,-0.7873650193214417,1,0.9994230270385742,0.03258400410413742,0.009596001356840134,0,-0.033712003380060196,0.9168499708175659,0.39780598878860474,0,0.004164000973105431,-0.3978999853134155,0.9174190163612366,0,0.07263900339603424,2.9522509574890137,0,1,0.9970200061798096,0.07703100144863129,0.004258000757545233,0,-0.07377800345420837,0.9358800053596497,0.34450799226760864,0,0.0225520022213459,-0.3437950015068054,0.9387739896774292,0,-0.0941379964351654,3.1473300457000732,0,1,0.9712510108947754,0.22963398694992065,-0.06276000291109085,0,-0.12676897644996643,0.7220559120178223,0.6801210641860962,0,0.2014950066804886,-0.6526130437850952,0.7304079532623291,0,-4.021864891052246,12.34079360961914,-0.3876110017299652,1,0.9834160208702087,0.16777299344539642,0.06887900084257126,0,-0.16418899595737457,0.6622740030288696,0.7310510277748108,0,0.07703399658203125,-0.7302370071411133,0.6788370013237,0,0.07275500148534775,2.564146041870117,0,1,0.9828900098800659,0.18169599771499634,0.030214998871088028,0,-0.15480899810791016,0.7260220050811768,0.6700199842453003,0,0.09980300068855286,-0.6632339954376221,0.7417280077934265,0,-0.049685999751091,2.097656011581421,0,1,-0.9993759989738464,-0.0320417545735836,-0.014848113991320133,0,0.02152971364557743,-0.8860647082328796,0.46306154131889343,0,-0.027993982657790184,0.4624525308609009,0.8862016797065735,0,10.731403350830078,-5.972190856933594,0.6138049960136414,1,0.9961429834365845,0.08197308331727982,-0.03130659833550453,0,-0.06615382432937622,0.46718844771385193,-0.8816790580749512,0,-0.0576481856405735,0.8803490400314331,0.4708094596862793,0,0,41.71830368041992,0,1,0.9873369932174683,0.018397970125079155,0.15756501257419586,0,-0.14551100134849548,0.5006229281425476,0.8533480763435364,0,-0.06318102031946182,-0.8654700517654419,0.49696090817451477,0,0,38.22944641113281,0,1,0.9991430044174194,0.00016099876665975899,-0.041382018476724625,0,0.025202009826898575,0.7908110618591309,0.6115418672561646,0,0.032824017107486725,-0.6120609045028687,0.7901290655136108,0,0,18.371400833129883,0,1,-0.9688779711723328,-0.1453627049922943,-0.20036108791828156,0,0.1325397789478302,-0.9882550835609436,0.07606662064790726,0,-0.2090650349855423,0.047143664211034775,0.976764976978302,0,-10.731403350830078,-5.972190856933594,0.5927299857139587,1,0.9996060132980347,0.0148090161383152,0.023864181712269783,0,-0.007724955212324858,0.9618879556655884,-0.2733362019062042,0,-0.027002179995179176,0.2730441987514496,0.961622953414917,0,0,41.780555725097656,0,1,0.9674851298332214,-0.13031888008117676,-0.21677260100841522,0,0.2506665587425232,0.37962040305137634,0.890536367893219,0,-0.03376219421625137,-0.9159172177314758,0.39994338154792786,0,0,38.14480972290039,0,1,0.9994350075721741,-0.000522999616805464,0.03359200805425644,0,-0.02071400359272957,0.7776240706443787,0.6283879280090332,0,-0.026451006531715393,-0.6287299394607544,0.7771740555763245,0,0,18.6698055267334,0,1
