10.267,30,308,65
B0,mixamorig_Hips,-1,0.9969384670257568,-0.07179352641105652,-0.03098546527326107,0,0.06604602932929993,0.9852524995803833,-0.1578449159860611,0,0.041860464960336685,0.15531542897224426,0.9869775176048279,0,-3.082418441772461,67.66220092773438,-0.701597273349762,1
B1,mixamorig_Spine,0,0.9851149916648865,0.17175225913524628,-0.006995977833867073,0,-0.1709282547235489,0.9830734133720398,0.06593100726604462,0,0.018202580511569977,-0.06375399976968765,0.9977984428405762,0,0,3.962414026260376,-0.27429598569869995,1
B2,mixamorig_Spine1,1,0.9995324611663818,-0.030246514827013016,-0.004462013486772776,0,0.0302750151604414,0.9995209574699402,0.0064575280994176865,0,0.004265012685209513,-0.006589528638869524,0.9999690055847168,0,0,14.123344421386719,0.2644270062446594,1
B3,mixamorig_Spine2,2,0.9995324611663818,-0.030304014682769775,-0.003995509352535009,0,0.030330516397953033,0.9995179772377014,0.006569528952240944,0,0.003794508520513773,-0.006687529385089874,0.9999704957008362,0,0,11.404520034790039,0.10611099749803543,1
B4,mixamorig_Neck,3,0.997361958026886,0.038555487990379333,0.061504021286964417,0,-0.04490150511264801,0.9934170246124268,0.10538522899150848,0,-0.057036012411117554,-0.1078692302107811,0.9925270080566406,0,0,9.946669578552246,0,1
B5,mixamorig_Head,4,0.9746509790420532,-0.011979094706475735,0.22340519726276398,0,0.03234769031405449,0.9956175088882446,-0.08773637562990189,0,-0.2213762253522873,0.09273780137300491,0.9707679152488708,0,0,8.579109191894531,0.1141669973731041,1
B6,mixamorig_HeadTop_End,5,1,0,0,0,0,1,0,0,0,0,1,0,0,25.089149475097656,0.333873987197876,1
B7,mixamorig_LeftShoulder,3,0.24389863014221191,0.018307499587535858,-0.9696253538131714,0,0.9099066853523254,-0.3502333462238312,0.22226354479789734,0,-0.335525780916214,-0.936482846736908,-0.10208180546760559,0,4.224091053009033,8.898370742797852,-0.05661499872803688,1
B8,mixamorig_LeftArm,7,0.9199917912483215,0.36381658911705017,-0.14567983150482178,0,-0.08981727808713913,0.5575580596923828,0.8252613544464111,0,0.38146695494651794,-0.7461471557617188,0.5456370711326599,0,0,8.861006736755371,0,1
B9,mixamorig_LeftForeArm,8,0.9892604947090149,0.14616289734840393,0.0008204992045648396,0,-0.1461648941040039,0.9892334938049316,0.007272994611412287,0,0.0002514992083888501,-0.007314994465559721,0.9999729990959167,0,0,18.975189208984375,0,1
B10,mixamorig_LeftHand,9,0.8905363082885742,-0.03680577501654625,-0.45334532856941223,0,0.05159226804971695,0.9983788132667542,0.02005162462592125,0,0.4518585801124573,-0.04125485569238663,0.8909997344017029,0,0,19.896032333374023,0,1
B11,mixamorig_LeftHandThumb1,10,0.9292144179344177,0.357588529586792,-0.09321960806846619,0,-0.31524693965911865,0.8986829519271851,0.30493828654289246,0,0.19281768798828125,-0.25396573543548584,0.9477983713150024,0,-2.0888729095458984,2.14125394821167,1.2094409465789795,1
B12,mixamorig_LeftHandThumb2,11,0.9878640174865723,0.15497149527072906,-0.010401000268757343,0,-0.1546494960784912,0.9876065254211426,0.02677600085735321,0,0.014422000385820866,-0.02484249882400036,0.9995869994163513,0,-0.32976898550987244,2.560148000717163,0,1
B13,mixamorig_LeftHandThumb3,12,0.9873290061950684,0.15686215460300446,-0.023948445916175842,0,-0.15834614634513855,0.9837486147880554,-0.08463935554027557,0,0.010281999595463276,0.08735935389995575,0.9961234927177429,0,0.07691700011491776,2.7271618843078613,0,1
B14,mixamorig_LeftHandThumb4,13,1,0,0,0,0,1,0,0,0,0,1,0,0.2528519928455353,2.237636089324951,0,1
B15,mixamorig_LeftHandIndex1,10,0.983786404132843,0.17902050912380219,0.010632559657096863,0,-0.178725004196167,0.9738228917121887,0.1404435634613037,0,0.014788522385060787,-0.14006656408309937,0.9900314807891846,0,-2.586029052734375,6.942295074462891,0.0296580009162426,1
B16,mixamorig_LeftHandIndex2,15,0.9999639987945557,-0.008463500067591667,-0.0003060000017285347,0,0.008464000187814236,0.9974629878997803,0.07068149745464325,0,-0.00029299999005161226,-0.07068149745464325,0.9974989891052246,0,0.0010059999767690897,2.844877004623413,0,1
B17,mixamorig_LeftHandIndex3,16,0.9999210238456726,-0.012576000764966011,-0.0007915001478977501,0,0.012578500434756279,0.9924150109291077,0.12228550761938095,0,-0.0007525001419708133,-0.12228600680828094,0.9924944639205933,0,-0.001303000026382506,2.665494918823242,0,1
B18,mixamorig_LeftHandIndex4,17,1,0,0,0,0,1,0,0,0,0,1,0,0.0002969999914057553,2.2974369525909424,0,1
B19,mixamorig_LeftHandMiddle1,10,0.992687463760376,0.12069952487945557,0.00021555217972490937,0,-0.11977104097604752,0.9848314523696899,0.12553006410598755,0,0.01493696216493845,-0.12463855743408203,0.992089033126831,0,-0.8150079846382141,6.827151775360107,-0.1100739985704422,1
B20,mixamorig_LeftHandMiddle2,19,0.9996960163116455,-0.0243958979845047,-0.003622471820563078,0,0.024488897994160652,0.9644318222999573,0.2631760537624359,0,-0.0029279757291078568,-0.263184517621994,0.9647358059883118,0,-0.011726000346243382,3.256787061691284,0,1
B21,mixamorig_LeftHandMiddle3,20,0.9995999932289124,-0.027984309941530228,-0.004001946654170752,0,0.02784881182014942,0.9504886269569397,0.3094552159309387,0,-0.004859939217567444,-0.3094427287578583,0.9508880972862244,0,-0.0007060000207275152,3.177891969680786,0,1
B22,mixamorig_LeftHandMiddle4,21,1,0,0,0,0,1,0,0,0,0,1,0,0.012431000359356403,2.6951260566711426,0,1
B23,mixamorig_LeftHandRing1,10,0.9978789687156677,0.06350422650575638,-0.014120797626674175,0,-0.059586793184280396,0.9793143272399902,0.19328027963638306,0,0.026090335100889206,-0.19203126430511475,0.9810264110565186,0,0.8988170027732849,6.778731822967529,-0.02300499938428402,1
B24,mixamorig_LeftHandRing2,23,0.9985834956169128,-0.05110977590084076,-0.014776862226426601,0,0.051170773804187775,0.846661388874054,0.5296042561531067,0,-0.014563363045454025,-0.529610276222229,0.8480773568153381,0,-0.004029000177979469,2.9580368995666504,0,1
B25,mixamorig_LeftHandRing3,24,0.9977395534515381,-0.0634884461760521,-0.021914560347795486,0,0.06314145773649216,0.7756489515304565,0.6276184916496277,0,-0.02289605140686035,-0.6275835633277893,0.7779088616371155,0,0.002492999890819192,2.7569379806518555,0,1
B26,mixamorig_LeftHandRing4,25,1,0,0,0,0,1,0,0,0,0,1,0,0.0015360000543296337,2.3345820903778076,0,1
B27,mixamorig_LeftHandPinky1,10,0.99619460105896,-0.07342355698347092,-0.04678816348314285,0,0.08299478888511658,0.9633154273033142,0.2549833655357361,0,0.02631370723247528,-0.25790277123451233,0.9657553434371948,0,2.50222110748291,6.3907790184021,0.08745799958705902,1
B28,mixamorig_LeftHandPinky2,27,0.9991329908370972,-0.012619223445653915,-0.03964865580201149,0,0.03908200189471245,0.6113538146018982,0.7902864813804626,0,0.01424867007881403,-0.7911519408226013,0.6113187670707703,0,0.0031969998963177204,2.6237239837646484,0,1
B29,mixamorig_LeftHandPinky3,28,0.9939961433410645,-0.09457190334796906,-0.05488990992307663,0,0.09572787582874298,0.5106121897697449,0.8536814451217651,0,-0.05284791812300682,-0.8538099527359009,0.516614556312561,0,0.0038799999747425318,2.1320788860321045,0,1
B30,mixamorig_LeftHandPinky4,29,1,0,0,0,0,1,0,0,0,0,1,0,-0.0070779998786747456,1.793233036994934,0,1
B31,mixamorig_RightShoulder,3,-0.04846756160259247,-0.025257864966988564,0.9985010623931885,0,-0.8200324177742004,-0.5697344541549683,-0.05421365424990654,0,0.5702504515647888,-0.8214383721351624,0.006906538736075163,0,-4.224091053009033,8.89727783203125,-0.030230000615119934,1
B32,mixamorig_RightArm,31,0.8611714243888855,-0.40886998176574707,0.30200204253196716,0,0.1277991682291031,0.7491878867149353,0.6498716473579407,0,-0.4919591546058655,-0.5210638046264648,0.6974394917488098,0,0,8.861006736755371,0,1
B33,mixamorig_RightForeArm,32,0.9731653332710266,-0.23009128868579865,-0.0016360086156055331,0,0.2300952821969986,0.9731053113937378,0.01083853654563427,0,-0.0009015087271109223,-0.010924536734819412,0.9999399781227112,0,0,18.97356605529785,0,1
B34,mixamorig_RightHand,33,0.9926977157592773,-0.0693911612033844,0.09746164828538895,0,0.05424931272864342,0.9872515201568604,0.14836259186267853,0,-0.10636379569768906,-0.14213502407073975,0.983906626701355,0,0,19.898345947265625,0,1
B35,mixamorig_RightHandThumb1,34,0.9222210049629211,-0.37479618191719055,0.09460823982954025,0,0.33366119861602783,0.8953803777694702,0.29467418789863586,0,-0.19511087238788605,-0.24022847414016724,0.9508811831474304,0,2.06200909614563,2.1477060317993164,1.2410409450531006,1
B36,mixamorig_RightHandThumb2,35,0.9998945593833923,-0.008757228963077068,0.005321340169757605,0,0.008564237505197525,0.9992890357971191,0.03525087237358093,0,-0.0056302244774997234,-0.03519639000296593,0.9993640184402466,0,0.2744489908218384,2.5658700466156006,0,1
B37,mixamorig_RightHandThumb3,36,0.9978365302085876,-0.06513895839452744,0.008748956955969334,0,0.06546694785356522,0.9968485832214355,-0.04475736245512962,0,-0.005805491004139185,0.045233357697725296,0.998959481716156,0,-0.07671800255775452,2.73022198677063,0,1
B38,mixamorig_RightHandThumb4,37,1,0,0,0,0,1,0,0,0,0,1,0,-0.19773200154304504,2.2442591190338135,0,1
B39,mixamorig_RightHandIndex1,34,0.9894269108772278,-0.14493058621883392,-0.005120435729622841,0,0.1447146087884903,0.9844091534614563,0.09971769899129868,0,-0.009398788213729858,-0.09940571337938309,0.9949772357940674,0,2.5699350833892822,7.053781986236572,0.050919998437166214,1
B40,mixamorig_RightHandIndex2,39,0.9994279742240906,0.03345933556556702,0.004889101255685091,0,-0.03345533460378647,0.9574571251869202,0.2864714562892914,0,0.004914101678878069,-0.2864704430103302,0.9580296277999878,0,-0.0015079999575391412,2.8163208961486816,0,1
B41,mixamorig_RightHandIndex3,40,0.9998539686203003,0.017040550708770752,0.0013560076477006078,0,-0.01704704947769642,0.9880649447441101,0.15308493375778198,0,0.0012690074509009719,-0.15308594703674316,0.988210916519165,0,0.0011759999906644225,2.6396379470825195,0,1
B42,mixamorig_RightHandIndex4,41,1,0,0,0,0,1,0,0,0,0,1,0,0.0003330000035930425,2.241499900817871,0,1
B43,mixamorig_RightHandMiddle1,34,0.9971200227737427,-0.07564008235931396,0.005478999111801386,0,0.07364605367183685,0.9830097556114197,0.1680733859539032,0,-0.018100615590810776,-0.16718588769435883,0.9857497215270996,0,0.7654899954795837,7.01820707321167,-0.09039899706840515,1
B44,mixamorig_RightHandMiddle2,43,0.9991405010223389,0.04052526876330376,0.008662113919854164,0,-0.04052276909351349,0.9117284417152405,0.408706396818161,0,0.008673113770782948,-0.4087058901786804,0.9125879406929016,0,0.008489999920129776,3.3401529788970947,0,1
B45,mixamorig_RightHandMiddle3,44,0.9987049698829651,0.04878868907690048,-0.014357666485011578,0,-0.04077723249793053,0.9368272423744202,0.3473449647426605,0,0.030402839183807373,-0.34631046652793884,0.9376042485237122,0,-0.007899999618530273,3.056668996810913,0,1
B46,mixamorig_RightHandMiddle4,45,1,0,0,0,0,1,0,0,0,0,1,0,-0.0005910000181756914,2.6394920349121094,0,1
B47,mixamorig_RightHandRing1,34,0.9997484683990479,-0.009895700961351395,0.02008040063083172,0,0.004885502625256777,0.9718688130378723,0.2349424511194229,0,-0.021821845322847366,-0.23478645086288452,0.9716743230819702,0,-0.8923050165176392,6.911076068878174,-0.12161199748516083,1
B48,mixamorig_RightHandRing2,47,0.9975744485855103,0.06641117483377457,0.020820623263716698,0,-0.06639767438173294,0.8184584379196167,0.5706855654716492,0,0.02086312510073185,-0.5706835389137268,0.8208833932876587,0,-0.0029770000837743282,2.9239439964294434,0,1
B49,mixamorig_RightHandRing3,48,0.9947419762611389,0.1019192561507225,-0.009990915656089783,0,-0.07240566611289978,0.7689582109451294,0.6351739168167114,0,0.07242168486118317,-0.6311109066009521,0.7722952365875244,0,0.002633000025525689,2.7179529666900635,0,1
B50,mixamorig_RightHandRing4,49,1,0,0,0,0,1,0,0,0,0,1,0,0.0003440000000409782,2.379647970199585,0,1
B51,mixamorig_RightHandPinky1,34,0.9942898750305176,0.07515715807676315,0.07563140988349915,0,-0.09911254793405533,0.9133621454238892,0.3940565884113312,0,-0.03940439596772194,-0.3993077278137207,0.915600597858429,0,-2.443120002746582,6.4535698890686035,0.12550100684165955,1
B52,mixamorig_RightHandPinky2,51,0.9964765310287476,0.07799190282821655,0.030837908387184143,0,-0.07745890319347382,0.7148983478546143,0.6949151158332825,0,0.03215290606021881,-0.6948556303977966,0.7184208631515503,0,-0.002638000063598156,2.627861976623535,0,1
B53,mixamorig_RightHandPinky3,52,0.9957644939422607,0.08404845744371414,0.03726495802402496,0,-0.0846029594540596,0.6790074110031128,0.7292381525039673,0,0.0359884575009346,-0.7293026447296143,0.683242917060852,0,-0.0018609999679028988,2.1224629878997803,0,1
B54,mixamorig_RightHandPinky4,53,1,0,0,0,0,1,0,0,0,0,1,0,0.004499000031501055,1.7919859886169434,0,1
B55,mixamorig_LeftUpLeg,0,-0.8912466764450073,-0.28132373094558716,0.35571733117103577,0,0.3415147662162781,-0.9324065446853638,0.11825575679540634,0,0.29840582609176636,0.2268785983324051,0.9270810484886169,0,7.557003974914551,-4.826272964477539,0.30053600668907166,1
B56,mixamorig_LeftLeg,55,0.9996610283851624,-0.025492748245596886,-0.005165340844541788,0,0.019583361223340034,0.8683494925498962,-0.4955659806728363,0,0.017118237912654877,0.49529698491096497,0.8685545325279236,0,-0.1246189996600151,24.065752029418945,0.10469900071620941,1
B57,mixamorig_LeftFoot,56,0.9912095069885254,-0.12843453884124756,0.031752001494169235,0,0.0234055258333683,0.4064430892467499,0.913375973701477,0,-0.13021403551101685,-0.9046039581298828,0.405876100063324,0,-0.006018000189214945,33.063106536865234,0.0039450000040233135,1
B58,mixamorig_LeftToeBase,57,0.9998480081558228,-0.00021349950111471117,0.01743449829518795,0,-0.009412500075995922,0.8350905179977417,0.5500324368476868,0,-0.014676500111818314,-0.5501129627227783,0.834961473941803,0,-0.005278999917209148,12.893308639526367,-0.5155069828033447,1
B59,mixamorig_LeftToe_End,58,1,0,0,0,0,1,0,0,0,0,1,0,0.014223000034689903,6.42083215713501,0.00788899976760149,1
B60,mixamorig_RightUpLeg,0,-0.9838665127754211,-0.060192372649908066,0.16847339272499084,0,0.0680093988776207,-0.9968409538269043,0.04101620987057686,0,0.1654723882675171,0.05181318521499634,0.9848520159721375,0,-7.557003974914551,-4.826272964477539,0.30053600668907166,1
B61,mixamorig_RightLeg,60,0.9804940223693848,0.057909462600946426,-0.18782448768615723,0,-0.13184195756912231,0.9025100469589233,-0.40999144315719604,0,0.14577101171016693,0.42675742506980896,0.8925405144691467,0,0.12477000057697296,24.070087432861328,-0.14491699635982513,1
B62,mixamorig_RightFoot,61,0.8749704957008362,0.06510403007268906,-0.4797790050506592,0,0.43287792801856995,0.3387107253074646,0.8353984355926514,0,0.21689413487911224,-0.9386354088783264,0.26817968487739563,0,0.006018000189214945,33.063140869140625,0.004497000016272068,1
B63,mixamorig_RightToeBase,62,0.9998559951782227,0,-0.016966000199317932,0,0.009282000362873077,0.8370659947395325,0.5470235347747803,0,0.014201999641954899,-0.5471019744873047,0.8369454741477966,0,0.005381000228226185,12.718270301818848,-0.5223649740219116,1
B64,mixamorig_RightToe_End,63,1,0,0,0,0,1,0,0,0,0,1,0,-0.01424300018697977,6.41213321685791,0.007911000400781631,1
@52,0,1,2,3,4,5,7,8,9,10,11,12,13,15,16,17,19,20,21,23,24,25,27,28,29,31,32,33,34,35,36,37,39,40,41,43,44,45,47,48,49,51,52,53,55,56,57,58,60,61,62,63
K0.000,0.9978489875793457,-0.06483399868011475,0.009685000404715538,0,0.0655520036816597,0.9856460094451904,-0.15557900071144104,0,0.0005409999866969883,0.15587900578975677,0.987775981426239,0,-2.8998019695281982,67.73090362548828,-1.3155980110168457,1,0.9831100106239319,0.1829890012741089,-0.003094000043347478,0,-0.1824450045824051,0.9812399744987488,0.0623060017824173,0,0.014437000267207623,-0.06068899855017662,0.9980520009994507,0,0,3.962414026260376,-0.27429598569869995,1,0.9994829893112183,-0.031904999166727066,-0.003973000217229128,0,0.03192099928855896,0.9994819760322571,0.004015999846160412,0,0.0038429999258369207,-0.004139999859035015,0.9999840259552002,0,0,14.123344421386719,0.2644270062446594,1,0.9994829893112183,-0.03196299821138382,-0.0034990001004189253,0,0.031977999955415726,0.9994800090789795,0.004110999871045351,0,0.0033650000113993883,-0.004220000002533197,0.9999849796295166,0,0,11.404520034790039,0.10611099749803543,1,0.9984400272369385,0.023917000740766525,0.05044500157237053,0,-0.028965000063180923,0.9943779706954956,0.10184600204229355,0,-0.047724999487400055,-0.10314799845218658,0.9935200214385986,0,0,9.946669578552246,0,1,0.9729880094528198,-0.17326000332832336,0.15255999565124512,0,0.17599600553512573,0.9843800067901611,-0.004513999912887812,0,-0.14939500391483307,0.031241999939084053,0.9882839918136597,0,0,8.579109191894531,0.1141669973731041,1,0.23118099570274353,0.015755999833345413,-0.9727830290794373,0,0.9056850075721741,-0.36870500445365906,0.20926299691200256,0,-0.35537299513816833,-0.9294130206108093,-0.09950699657201767,0,4.224091053009033,8.898370742797852,-0.05661499872803688,1,0.9394009709358215,0.2942659854888916,-0.17587800323963165,0,-0.02824000082910061,0.5777109861373901,0.8157520294189453,0,0.3416549861431122,-0.761352002620697,0.5510129928588867,0,0,8.861006736755371,0,1,0.9891890287399292,0.14664499461650848,0.0008239999879151583,0,-0.14664700627326965,0.989162027835846,0.007296999916434288,0,0.00025499999173916876,-0.007338999770581722,0.9999729990959167,0,0,18.975189208984375,0,1,0.8504319787025452,-0.054044000804424286,-0.5233020186424255,0,0.03581399843096733,0.9983490109443665,-0.044902998954057693,0,0.5248649716377258,0.01944500021636486,0.8509629964828491,0,0,19.896032333374023,0,1,0.934984028339386,0.3408229947090149,-0.09820300340652466,0,-0.29788899421691895,0.9048449993133545,0.3041679859161377,0,0.19252599775791168,-0.25513899326324463,0.9475430250167847,0,-2.0888729095458984,2.14125394821167,1.2094409465789795,1,0.9878640174865723,0.15497100353240967,-0.010401000268757343,0,-0.15464900434017181,0.9876070022583008,0.02677600085735321,0,0.014422000385820866,-0.0248429998755455,0.9995869994163513,0,-0.32976898550987244,2.560148000717163,0,1,0.9865990281105042,0.1612890064716339,-0.02465200051665306,0,-0.16283799707889557,0.9828600287437439,-0.0864349976181984,0,0.010288000106811523,0.08929099887609482,0.9959520101547241,0,0.07691700011491776,2.7271618843078613,0,1,0.983722984790802,0.17942899465560913,0.009750000201165676,0,-0.1791590005159378,0.9751629829406738,0.13022799789905548,0,0.01385900005698204,-0.12985500693321228,0.9914360046386719,0,-2.586029052734375,6.942295074462891,0.0296580009162426,1,0.9999639987945557,-0.008527000434696674,-0.0003110000106971711,0,0.008527000434696674,0.9974210262298584,0.07126499712467194,0,-0.00029799999902024865,-0.07126499712467194,0.9974570274353027,0,0.0010059999767690897,2.844877004623413,0,1,0.9999240040779114,-0.012335999868810177,-0.0007619999814778566,0,0.012338000349700451,0.9926900267601013,0.1200610026717186,0,-0.0007239999831654131,-0.12006200104951859,0.9927660226821899,0,-0.001303000026382506,2.665494918823242,0,1,0.9932429790496826,0.1160539984703064,-0.0004780000017490238,0,-0.11511000245809555,0.9856749773025513,0.12326899915933609,0,0.014777000062167645,-0.12238100171089172,0.992372989654541,0,-0.8150079846382141,6.827151775360107,-0.1100739985704422,1,0.9996749758720398,-0.025181999430060387,-0.003840999910607934,0,0.02528199926018715,0.9623510241508484,0.27063000202178955,0,-0.0031190000008791685,-0.27063900232315063,0.9626759886741638,0,-0.011726000346243382,3.256787061691284,0,1,0.9995800256729126,-0.028689000755548477,-0.004197999835014343,0,0.028544999659061432,0.9483140110969543,0.31604599952697754,0,-0.0050860000774264336,-0.3160330057144165,0.9487349987030029,0,-0.0007060000207275152,3.177891969680786,0,1,0.9984560012817383,0.05260699987411499,-0.017820000648498535,0,-0.04772600159049034,0.9767000079154968,0.2092369943857193,0,0.028411999344825745,-0.208064004778862,0.9777029752731323,0,0.8988170027732849,6.778731822967529,-0.02300499938428402,1,0.9984710216522217,-0.05293099954724312,-0.015915999189019203,0,0.05299700051546097,0.8350480198860168,0.5476189851760864,0,-0.01569500006735325,-0.5476250052452087,0.8365769982337952,0,-0.004029000177979469,2.9580368995666504,0,1,0.9973189830780029,-0.06838099658489227,-0.026055000722408295,0,0.06797000020742416,0.733726978302002,0.67603600025177,0,-0.027110999450087547,-0.6759949922561646,0.736407995223999,0,0.002492999890819192,2.7569379806518555,0,1,0.9941290020942688,-0.08776500076055527,-0.06328599900007248,0,0.10300900042057037,0.9466850161552429,0.30524900555610657,0,0.033121999353170395,-0.3099760115146637,0.9501670002937317,0,2.50222110748291,6.3907790184021,0.08745799958705902,1,0.998993992805481,-0.014733999967575073,-0.04236200079321861,0,0.04296400025486946,0.5854399800300598,0.8095759749412537,0,0.012872000224888325,-0.8105810284614563,0.5854840278625488,0,0.0031969998963177204,2.6237239837646484,0,1,0.9929050207138062,-0.09953200072050095,-0.06505399942398071,0,0.1008950024843216,0.4157330095767975,0.9038730263710022,0,-0.0629189983010292,-0.9040240049362183,0.42282599210739136,0,0.0038799999747425318,2.1320788860321045,0,1,-0.04111099988222122,-0.024723000824451447,0.9988489747047424,0,-0.8205410242080688,-0.5695800185203552,-0.04786999896168709,0,0.5701079964637756,-0.8215640187263489,0.0031300000846385956,0,-4.224091053009033,8.89727783203125,-0.030230000615119934,1,0.88926100730896,-0.3412399888038635,0.30458199977874756,0,0.06854400038719177,0.7577980160713196,0.6488789916038513,0,-0.45223501324653625,-0.5561460256576538,0.6972699761390686,0,0,8.861006736755371,0,1,0.976069986820221,-0.2174530029296875,-0.0014990000054240227,0,0.21745699644088745,0.9760159850120544,0.010243000462651253,0,-0.0007639999967068434,-0.010324000380933285,0.9999459981918335,0,0,18.97356605529785,0,1,0.9716590046882629,-0.06816499680280685,0.22634699940681458,0,0.034380000084638596,0.988090991973877,0.1499830037355423,0,-0.23387500643730164,-0.13795000314712524,0.9624300003051758,0,0,19.898345947265625,0,1,0.943045973777771,-0.31185099482536316,0.1158130019903183,0,0.262255996465683,0.9111319780349731,0.31790000200271606,0,-0.20465800166130066,-0.2694210112094879,0.9410250186920166,0,2.06200909614563,2.1477060317993164,1.2410409450531006,1,0.9963480234146118,-0.08499100059270859,0.008160999976098537,0,0.08462200313806534,0.9956859946250916,0.038058001548051834,0,-0.011359999887645245,-0.03722900152206421,0.9992420077323914,0,0.2744489908218384,2.5658700466156006,0,1,0.9972800016403198,-0.0731000006198883,0.009410999715328217,0,0.07346499711275101,0.9961820244789124,-0.047155000269412994,0,-0.005927999969571829,0.047717999666929245,0.9988430142402649,0,-0.07671800255775452,2.73022198677063,0,1,0.9917659759521484,-0.12801100313663483,-0.0035810000263154507,0,0.12769900262355804,0.9864799976348877,0.10271299630403519,0,-0.009615999646484852,-0.10232499986886978,0.9947050213813782,0,2.5699350833892822,7.053781986236572,0.050919998437166214,1,0.9991629719734192,0.04027099907398224,0.007189999800175428,0,-0.0402659997344017,0.9371439814567566,0.34661200642585754,0,0.0072200000286102295,-0.34661099314689636,0.9379810094833374,0,-0.0015079999575391412,2.8163208961486816,0,1,0.9998350143432617,0.018074000254273415,0.0015219999477267265,0,-0.018081000074744225,0.9865930080413818,0.16219599545001984,0,0.0014299999456852674,-0.16219699382781982,0.9867569804191589,0,0.0011759999906644225,2.6396379470825195,0,1,0.9981570243835449,-0.060113001614809036,0.0083600003272295,0,0.057767000049352646,0.9832450151443481,0.17289599776268005,0,-0.018612999469041824,-0.17209400236606598,0.9849050045013428,0,0.7654899954795837,7.01820707321167,-0.09039899706840515,1,0.9990490078926086,0.04253999888896942,0.009529000148177147,0,-0.04253700003027916,0.9034199714660645,0.42664098739624023,0,0.009541000239551067,-0.42664000391960144,0.9043710231781006,0,0.008489999920129776,3.3401529788970947,0,1,0.9983199834823608,0.05496000126004219,-0.018334999680519104,0,-0.0439860001206398,0.9249399900436401,0.3775610029697418,0,0.03770900145173073,-0.376120001077652,0.925803005695343,0,-0.007899999618530273,3.056668996810913,0,1,0.999692976474762,0.006597999949008226,0.023886000737547874,0,-0.011978000402450562,0.9724779725074768,0.23268699645996094,0,-0.021693000569939613,-0.23290100693702698,0.9722579717636108,0,-0.8923050165176392,6.911076068878174,-0.12161199748516083,1,0.9973940253257751,0.06858500093221664,0.022400999441742897,0,-0.06857000291347504,0.804481029510498,0.5900070071220398,0,0.022444000467658043,-0.5900059938430786,0.8070870041847229,0,-0.0029770000837743282,2.9239439964294434,0,1,0.9936969876289368,0.11156599968671799,-0.01092000026255846,0,-0.07583100348711014,0.7407439947128296,0.667493999004364,0,0.0825589969754219,-0.6624590158462524,0.7445350289344788,0,0.002633000025525689,2.7179529666900635,0,1,0.9918270111083984,0.0961889997124672,0.08382999897003174,0,-0.12160799652338028,0.9115059971809387,0.39289700984954834,0,-0.03861900046467781,-0.39987999200820923,0.9157540202140808,0,-2.443120002746582,6.4535698890686035,0.12550100684165955,1,0.9962739944458008,0.07982800155878067,0.032634999603033066,0,-0.07926499843597412,0.698481023311615,0.7112249732017517,0,0.033980999141931534,-0.7111619710922241,0.702206015586853,0,-0.002638000063598156,2.627861976623535,0,1,0.9954149723052979,0.08671499788761139,0.0403750017285347,0,-0.08731500059366226,0.6513590216636658,0.753728985786438,0,0.03906099870800972,-0.7537980079650879,0.6559439897537231,0,-0.0018609999679028988,2.1224629878997803,0,1,-0.8966649770736694,-0.2690359950065613,0.3515850007534027,0,0.3237519860267639,-0.940155029296875,0.10626599937677383,0,0.3019550144672394,0.2091120034456253,0.9301049709320068,0,7.557003974914551,-4.826272964477539,0.30053600668907166,1,0.9995549917221069,0.002176000038161874,0.029757000505924225,0,0.012272999621927738,0.879056990146637,-0.47655901312828064,0,-0.027194999158382416,0.4767119884490967,0.8786389827728271,0,-0.1246189996600151,24.065752029418945,0.10469900071620941,1,0.9885249733924866,-0.14718100428581238,0.033998001366853714,0,0.03078800067305565,0.4166570007801056,0.9085419774055481,0,-0.1478859931230545,-0.8970699906349182,0.4164069890975952,0,-0.006018000189214945,33.063106536865234,0.0039450000040233135,1,0.9998480081558228,-0.00024399999529123306,0.01744600012898445,0,-0.009418999776244164,0.8341209888458252,0.5515009760856628,0,-0.014685999602079391,-0.5515819787979126,0.8339909911155701,0,-0.005278999917209148,12.893308639526367,-0.5155069828033447,1,-0.9826859831809998,-0.05661100149154663,0.1764180064201355,0,0.068401999771595,-0.9957619905471802,0.06148200109601021,0,0.17218999564647675,0.07248499989509583,0.9823930263519287,0,-7.557003974914551,-4.826272964477539,0.30053600668907166,1,0.9821469783782959,0.04242999851703644,-0.1832669973373413,0,-0.1173119992017746,0.8997330069541931,-0.42037901282310486,0,0.1470550000667572,0.43437299132347107,0.8886479735374451,0,0.12477000057697296,24.070087432861328,-0.14491699635982513,1,0.8849440217018127,0.06329700350761414,-0.46137601137161255,0,0.4126650094985962,0.3525699973106384,0.8398820161819458,0,0.215829998254776,-0.9336420297622681,0.28588399291038513,0,0.006018000189214945,33.063140869140625,0.004497000016272068,1,0.9998559951782227,0,-0.016966000199317932,0,0.009282000362873077,0.8370659947395325,0.5470240116119385,0,0.014201999641954899,-0.5471019744873047,0.8369449973106384,0,0.005381000228226185,12.718270301818848,-0.5223649740219116,1
K0.033,0.9978389739990234,-0.06497099995613098,0.00982300192117691,0,0.06570799648761749,0.9856989979743958,-0.1551779955625534,0,0.00039899826515465975,0.1554879993200302,0.9878379702568054,0,-2.9002459049224854,67.73050689697266,-1.3121368885040283,1,0.9830939769744873,0.1830739974975586,-0.0031229995656758547,0,-0.1825290024280548,0.9812309741973877,0.06219400465488434,0,0.014449999667704105,-0.060572002083063126,0.9980589747428894,0,0,3.962414026260376,-0.27429598569869995,1,0.9994850158691406,-0.03184799477458,-0.003973000217229128,0,0.031863994896411896,0.9994840025901794,0.004089001566171646,0,0.003840999910607934,-0.004214001353830099,0.9999840259552002,0,0,14.123344421386719,0.2644270062446594,1,0.9994850158691406,-0.031905997544527054,-0.003498000092804432,0,0.031919997185468674,0.9994819760322571,0.004184001591056585,0,0.0033629999961704016,-0.004293001256883144,0.9999849796295166,0,0,11.404520034790039,0.10611099749803543,1,0.9984380006790161,0.02388099767267704,0.05051799863576889,0,-0.02894499897956848,0.9943619966506958,0.10201200097799301,0,-0.04779699817299843,-0.10331500321626663,0.9934999942779541,0,0,9.946669578552246,0,1,0.9729869961738586,-0.17267799377441406,0.1532290130853653,0,0.17567500472068787,0.9844290018081665,-0.006131019908934832,0,-0.14978399872779846,0.03288402408361435,0.9881719946861267,0,0,8.579109191894531,0.1141669973731041,1,0.23184001445770264,0.015772998332977295,-0.9726259708404541,0,0.905614972114563,-0.36851900815963745,0.20989102125167847,0,-0.355120986700058,-0.9294859766960144,-0.0997220054268837,0,4.224091053009033,8.898370742797852,-0.05661499872803688,1,0.9396039843559265,0.29377201199531555,-0.17562200129032135,0,-0.02807299792766571,0.577538013458252,0.8158810138702393,0,0.3411119878292084,-0.7616739869117737,0.5509039759635925,0,0,8.861006736755371,0,1,0.9891890287399292,0.14664599299430847,0.0008239999879151583,0,-0.14664800465106964,0.989162027835846,0.007296999916434288,0,0.00025499999173916876,-0.007338999770581722,0.9999729990959167,0,0,18.975189208984375,0,1,0.8500289916992188,-0.05310100317001343,-0.5240520238876343,0,0.034765999764204025,0.9983919858932495,-0.044773004949092865,0,0.5255870223045349,0.019840003922581673,0.850508987903595,0,0,19.896032333374023,0,1,0.9351360201835632,0.34042200446128845,-0.09815000742673874,0,-0.2977910041809082,0.9053339958190918,0.3028050363063812,0,0.19194000959396362,-0.2539350390434265,0.9479849934577942,0,-2.0888729095458984,2.14125394821167,1.2094409465789795,1,0.9878640174865723,0.15497200191020966,-0.010401000268757343,0,-0.15464900434017181,0.9876070022583008,0.02677600085735321,0,0.014422000385820866,-0.0248429998755455,0.9995869994163513,0,-0.32976898550987244,2.560148000717163,0,1,0.9864569902420044,0.16213800013065338,-0.02478799968957901,0,-0.1636980026960373,0.9826859831809998,-0.08677899837493896,0,0.010288000106811523,0.08966100215911865,0.9959189891815186,0,0.07691700011491776,2.7271618843078613,0,1,0.9838430285453796,0.1787720024585724,0.0096899988129735,0,-0.17849600315093994,0.9752439856529236,0.13053199648857117,0,0.013886000961065292,-0.13015300035476685,0.9913970232009888,0,-2.586029052734375,6.942295074462891,0.0296580009162426,1,0.9999639987945557,-0.008527000434696674,-0.0003100000030826777,0,0.008527000434696674,0.9974210262298584,0.07126600295305252,0,-0.00029799999902024865,-0.07126600295305252,0.9974570274353027,0,0.0010059999767690897,2.844877004623413,0,1,0.9999240040779114,-0.012342999689280987,-0.00076299998909235,0,0.01234500017017126,0.9926829934120178,0.12011999636888504,0,-0.0007249999907799065,-0.12011999636888504,0.9927589893341064,0,-0.001303000026382506,2.665494918823242,0,1,0.9932900071144104,0.11564899235963821,-0.0005150004290044308,0,-0.11469899117946625,0.9856839776039124,0.1235790029168129,0,0.014798999764025211,-0.12269099801778793,0.9923350214958191,0,-0.8150079846382141,6.827151775360107,-0.1100739985704422,1,0.9996749758720398,-0.02519099973142147,-0.003843999933451414,0,0.025289999321103096,0.9623289704322815,0.27070900797843933,0,-0.003120000008493662,-0.2707189917564392,0.9626529812812805,0,-0.011726000346243382,3.256787061691284,0,1,0.9995790123939514,-0.02871299907565117,-0.0042050001211464405,0,0.028568999841809273,0.9482370018959045,0.31627699732780457,0,-0.0050940001383423805,-0.31626400351524353,0.9486579895019531,0,-0.0007060000207275152,3.177891969680786,0,1,0.9984700083732605,0.05233699455857277,-0.017861999571323395,0,-0.047415997833013535,0.976436972618103,0.21052800118923187,0,0.02845899946987629,-0.20935800671577454,0.9774249792098999,0,0.8988170027732849,6.778731822967529,-0.02300499938428402,1,0.9984710216522217,-0.05294400081038475,-0.01592399924993515,0,0.0530100017786026,0.8349630236625671,0.5477460026741028,0,-0.015704000368714333,-0.5477529764175415,0.8364930152893066,0,-0.004029000177979469,2.9580368995666504,0,1,0.9973210096359253,-0.0683559998869896,-0.02603199891746044,0,0.0679439976811409,0.7339630126953125,0.6757820248603821,0,-0.027086997404694557,-0.6757400035858154,0.7366420030593872,0,0.002492999890819192,2.7569379806518555,0,1,0.9940959811210632,-0.08793900161981583,-0.06355399638414383,0,0.10333400219678879,0.9459409713745117,0.307437002658844,0,0.03308200091123581,-0.3121899962425232,0.9494439959526062,0,2.50222110748291,6.3907790184021,0.08745799958705902,1,0.9989950060844421,-0.014717998914420605,-0.04234100133180618,0,0.042934998869895935,0.5856450200080872,0.8094300031661987,0,0.01288400124758482,-0.8104339838027954,0.5856890082359314,0,0.0031969998963177204,2.6237239837646484,0,1,0.9929119944572449,-0.09950599819421768,-0.06499099731445312,0,0.10086700320243835,0.41632401943206787,0.9036039710044861,0,-0.06285600364208221,-0.9037550091743469,0.423410028219223,0,0.0038799999747425318,2.1320788860321045,0,1,-0.04092899709939957,-0.024618998169898987,0.9988589882850647,0,-0.8208860158920288,-0.569100022315979,-0.047662995755672455,0,0.5696240067481995,-0.8219000101089478,0.0030829990282654762,0,-4.224091053009033,8.89727783203125,-0.030230000615119934,1,0.888975977897644,-0.341266006231308,0.3053849935531616,0,0.06796299666166306,0.7577739953994751,0.6489689946174622,0,-0.4528830051422119,-0.5561630129814148,0.696835994720459,0,0,8.861006736755371,0,1,0.9757159948348999,-0.21903201937675476,-0.00151600013487041,0,0.2190360128879547,0.9756619930267334,0.010317999869585037,0,-0.0007810001261532307,-0.010400000028312206,0.9999459981918335,0,0,18.97356605529785,0,1,0.9718170166015625,-0.06706199049949646,0.2259950041770935,0,0.03328799083828926,0.9881150126457214,0.15007099509239197,0,-0.2333730012178421,-0.1383180022239685,0.9624990224838257,0,0,19.898345947265625,0,1,0.9438210129737854,-0.3092389702796936,0.11650601029396057,0,0.25977399945259094,0.9122160077095032,0.31682801246643066,0,-0.20425400137901306,-0.26876300573349,0.9412999749183655,0,2.06200909614563,2.1477060317993164,1.2410409450531006,1,0.9957789778709412,-0.09140802919864655,0.008319000713527203,0,0.09102603048086166,0.9951099753379822,0.038332998752593994,0,-0.011782001703977585,-0.03741399943828583,0.9992300271987915,0,0.2744489908218384,2.5658700466156006,0,1,0.9972479939460754,-0.0735350027680397,0.009444000199437141,0,0.07390200346708298,0.9961420297622681,-0.04732599854469299,0,-0.005927000194787979,0.04789400100708008,0.998835027217865,0,-0.07671800255775452,2.73022198677063,0,1,0.9915639758110046,-0.12956801056861877,-0.0036299999337643385,0,0.12925101816654205,0.9862470030784607,0.10301298648118973,0,-0.009766998700797558,-0.10261298716068268,0.9946730136871338,0,2.5699350833892822,7.053781986236572,0.050919998437166214,1,0.9991940259933472,0.03954600542783737,0.006922001484781504,0,-0.03954100236296654,0.9395179748535156,0.3402100205421448,0,0.006951001472771168,-0.340209037065506,0.9403240084648132,0,-0.0015079999575391412,2.8163208961486816,0,1,0.9998509883880615,0.017233997583389282,0.0013859998434782028,0,-0.017240997403860092,0.9877970218658447,0.1547899842262268,0,0.0012979998718947172,-0.1547899842262268,0.9879459738731384,0,0.0011759999906644225,2.6396379470825195,0,1,0.9980949759483337,-0.06115800887346268,0.008158998563885689,0,0.058896008878946304,0.9837809801101685,0.16942696273326874,0,-0.01838899590075016,-0.16862395405769348,0.9855089783668518,0,0.7654899954795837,7.01820707321167,-0.09039899706840515,1,0.9990860223770142,0.04174000024795532,0.009177000261843204,0,-0.04173799976706505,0.9067850112915039,0.4195210039615631,0,0.009189000353217125,-0.4195210039615631,0.9076989889144897,0,0.008489999920129776,3.3401529788970947,0,1,0.9983389973640442,0.054347001016139984,-0.019096001982688904,0,-0.04337200149893761,0.9273300170898438,0.371724009513855,0,0.03790999948978424,-0.370278000831604,0.92814701795578,0,-0.007899999618530273,3.056668996810913,0,1,0.9997069835662842,0.00617999630048871,0.02338399365544319,0,-0.011335993185639381,0.9737650156021118,0.22727294266223907,0,-0.02136499620974064,-0.2274719476699829,0.973550021648407,0,-0.8923050165176392,6.911076068878174,-0.12161199748516083,1,0.9974319934844971,0.0681380033493042,0.022068997845053673,0,-0.06812400370836258,0.8074169754981995,0.5860339999198914,0,0.02211199887096882,-0.5860329866409302,0.8099859952926636,0,-0.0029770000837743282,2.9239439964294434,0,1,0.9936689734458923,0.11174800246953964,-0.01157199963927269,0,-0.07569500058889389,0.7420579791069031,0.6660490036010742,0,0.08301699906587601,-0.6609560251235962,0.745818018913269,0,0.002633000025525689,2.7179529666900635,0,1,0.991877019405365,0.09668400138616562,0.08265198767185211,0,-0.12127199023962021,0.9148340821266174,0.3851909041404724,0,-0.038370996713638306,-0.39208489656448364,0.9191280603408813,0,-2.443120002746582,6.4535698890686035,0.12550100684165955,1,0.9962790012359619,0.07978300005197525,0.032590001821517944,0,-0.0792199969291687,0.6988940238952637,0.7108240127563477,0,0.033934999257326126,-0.7107610106468201,0.7026140093803406,0,-0.002638000063598156,2.627861976623535,0,1,0.9953960180282593,0.08685000240802765,0.04053900018334389,0,-0.08745300024747849,0.6498990058898926,0.754971981048584,0,0.03922300040721893,-0.7550420165061951,0.6545029878616333,0,-0.0018609999679028988,2.1224629878997803,0,1,-0.8966150283813477,-0.26904699206352234,0.3517029881477356,0,0.32393500208854675,-0.9400420188903809,0.10670800507068634,0,0.3019059896469116,0.20960499346256256,0.9300100207328796,0,7.557003974914551,-4.826272964477539,0.30053600668907166,1,0.999550998210907,0.0022900011390447617,0.029881002381443977,0,0.012238999828696251,0.8789460062980652,-0.4767639935016632,0,-0.027355002239346504,0.47691500186920166,0.8785229921340942,0,-0.1246189996600151,24.065752029418945,0.10469900071620941,1,0.9885140061378479,-0.14726799726486206,0.03394699841737747,0,0.030852997675538063,0.4165419936180115,0.9085929989814758,0,-0.14794699847698212,-0.8971089720726013,0.41630101203918457,0,-0.006018000189214945,33.063106536865234,0.0039450000040233135,1,0.9998480081558228,-0.00024799993843771517,0.01744700036942959,0,-0.0094200000166893,0.8339890241622925,0.5516999959945679,0,-0.014688000082969666,-0.5517799854278564,0.8338599801063538,0,-0.005278999917209148,12.893308639526367,-0.5155069828033447,1,-0.9826570153236389,-0.05677200108766556,0.17652800679206848,0,0.06863699853420258,-0.9957230091094971,0.06184600666165352,0,0.17226199805736542,0.07289000600576401,0.9823510050773621,0,-7.557003974914551,-4.826272964477539,0.30053600668907166,1,0.9821619987487793,0.04237399622797966,-0.18320000171661377,0,-0.11722700297832489,0.8997550010681152,-0.42035600543022156,0,0.147023007273674,0.43433400988578796,0.8886719942092896,0,0.12477000057697296,24.070087432861328,-0.14491699635982513,1,0.8848860263824463,0.06331200897693634,-0.46148601174354553,0,0.41276100277900696,0.3525860011577606,0.8398280143737793,0,0.2158849984407425,-0.9336349964141846,0.28586599230766296,0,0.006018000189214945,33.063140869140625,0.004497000016272068,1,0.9998559951782227,0,-0.016966000199317932,0,0.009282000362873077,0.8370659947395325,0.5470240116119385,0,0.014201999641954899,-0.5471019744873047,0.8369449973106384,0,0.005381000228226185,12.718270301818848,-0.5223649740219116,1
