1.000,30,30,65
B0,mixamorig_Hips,-1,0.18345199525356293,-0.8398200273513794,0.507423996925354,0,0.9794490337371826,0.1682939976453781,-0.06650149822235107,0,-0.03132550045847893,0.5111384391784668,0.8529775142669678,0,-1.8579728603363037,32.417755126953125,-26.29778289794922,1
B1,mixamorig_Spine,0,0.9981880187988281,0.011273999698460102,0.0470150001347065,0,-0.03948250040411949,0.7470999956130981,0.6632159948348999,0,-0.027762001380324364,-0.6645680069923401,0.7460824847221375,0,0,10.96969985961914,-0.9217000007629395,1
B2,mixamorig_Spine1,1,0.9901540279388428,-0.1340945065021515,0.03805749863386154,0,0.12641850113868713,0.9790520071983337,0.15903650224208832,0,-0.058515001088380814,-0.1527634859085083,0.986468493938446,0,0,12.843099594116211,0,1
B3,mixamorig_Spine2,2,0.9890314936637878,-0.1276949942111969,0.07325799763202667,0,0.1145239993929863,0.9800859689712524,0.16165199875831604,0,-0.09237049520015717,-0.15157249569892883,0.9840729832649231,0,0,14.677800178527832,0,1
B4,mixamorig_Neck,3,0.9973105192184448,-0.013200999237596989,-0.07199899852275848,0,0.025858499109745026,0.9836835265159607,0.17780999839305878,0,0.06844700127840042,-0.17919600009918213,0.9813945293426514,0,0,16.512500762939453,0,1
B5,mixamorig_Head,4,0.7032305002212524,0.04397600144147873,-0.7093685269355774,0,0.26837047934532166,0.9069340229034424,0.323062002658844,0,0.6576759815216064,-0.4176509976387024,0.6258444786071777,0,0,7.061100006103516,2.2988998889923096,1
B6,mixamorig_HeadTop_End,5,1,0,0,0,0,1,0,0,0,0,1,0,0,18.930400848388672,6.163300037384033,1
B7,mixamorig_LeftShoulder,3,-0.08198199421167374,0.447843998670578,-0.889416515827179,0,0.5968430042266846,-0.6927889585494995,-0.4017285108566284,0,-0.7958865165710449,-0.5643690228462219,-0.21022801101207733,0,6.916900157928467,14.057100296020508,-0.22190000116825104,1
B8,mixamorig_LeftArm,7,0.05532199889421463,-0.7558639645576477,0.651423990726471,0,-0.3253685235977173,0.6019434928894043,0.7241284847259521,0,-0.9401024580001831,-0.25449249148368835,-0.21155400574207306,0,0,14.531800270080566,0,1
B9,mixamorig_LeftForeArm,8,0.5049434900283813,0.8598459959030151,0.04607100039720535,0,-0.8600680232048035,0.501057505607605,0.07497449964284897,0,0.04169350117444992,-0.07748249918222427,0.9961069822311401,0,0,21.02669906616211,0,1
B10,mixamorig_LeftHand,9,0.8400084972381592,0.2683594822883606,-0.4711824953556061,0,-0.4965675175189972,0.031801000237464905,-0.8672624826431274,0,-0.2178255021572113,0.9627405405044556,0.1598304957151413,0,0,30.839000701904297,0,1
B11,mixamorig_LeftHandThumb1,10,0.67084801197052,0.7356860041618347,-0.08947449922561646,0,-0.7392330169677734,0.6553105115890503,-0.15407900512218475,0,-0.05502299591898918,0.16978700459003448,0.9837585091590881,0,-3.84660005569458,2.9021999835968018,1.282099962234497,1
B12,mixamorig_LeftHandThumb2,11,0.9417575001716614,-0.31871700286865234,0.10517149418592453,0,0.3102239966392517,0.9462295174598694,0.08960949629545212,0,-0.12807250022888184,-0.051628999412059784,0.9903845191001892,0,-0.2102999985218048,3.9835000038146973,0,1
B13,mixamorig_LeftHandThumb3,12,0.9451490044593811,0.07912449538707733,-0.31672048568725586,0,-0.19795650243759155,0.9102895259857178,-0.3633374869823456,0,0.25951650738716125,0.4061409831047058,0.8761555552482605,0,0.06719999760389328,4.81279993057251,0,1
B14,mixamorig_LeftHandThumb4,13,1,0,0,0,0,1,0,0,0,0,1,0,0.14309999346733093,4.133600234985352,0,1
B15,mixamorig_LeftHandIndex1,10,0.9787150025367737,0.197953999042511,-0.05182299762964249,0,-0.19849349558353424,0.8566020131111145,-0.4756599962711334,0,-0.0500670000910759,0.47591498494148254,0.8778665065765381,0,-4.320300102233887,10.638199806213379,-0.5629000067710876,1
B16,mixamorig_LeftHandIndex2,15,0.9977445006370544,-0.06598350405693054,-0.01223750039935112,0,0.06571950018405914,0.923829972743988,0.376957505941391,0,-0.013585000298917294,-0.3769105076789856,0.9260849952697754,0,0.04089999943971634,4.4268999099731445,0,1
B17,mixamorig_LeftHandIndex3,16,0.9999535083770752,0.00861900020390749,0.000377499993192032,0,-0.008537999354302883,0.9953709840774536,-0.09060949832201004,0,-0.0012895000400021672,0.09060149639844894,0.9954169988632202,0,-0.015300000086426735,4.056700229644775,0,1
B18,mixamorig_LeftHandIndex4,17,1,0,0,0,0,1,0,0,0,0,1,0,-0.025599999353289604,3.1916000843048096,0,1
B19,mixamorig_LeftHandMiddle1,10,0.9819345474243164,0.18664449453353882,-0.028479497879743576,0,-0.1821874976158142,0.8970915079116821,-0.4023284912109375,0,-0.049587998539209366,0.4003095030784607,0.9150330424308777,0,-1.0824999809265137,10.619000434875488,-0.539900004863739,1
B20,mixamorig_LeftHandMiddle2,19,0.9993314743041992,-0.03561849892139435,-0.0038309998344630003,0,0.0356220006942749,0.9775199890136719,0.20184549689292908,0,-0.003800999838858843,-0.20184600353240967,0.9781885147094727,0,0.01209999993443489,4.506899833679199,0,1
B21,mixamorig_LeftHandMiddle3,20,0.9999499917030334,0.007489500101655722,-0.0002685000072233379,0,-0.007486999966204166,0.9985060095787048,-0.02980850078165531,0,-0.000252999976510182,0.02980799786746502,0.9985564947128296,0,-0.012600000016391277,4.342400074005127,0,1
B22,mixamorig_LeftHandMiddle4,21,1,0,0,0,0,1,0,0,0,0,1,0,0.0005000000237487257,3.4516000747680664,0,1
B23,mixamorig_LeftHandRing1,10,0.9825975298881531,0.18459899723529816,0.013068499974906445,0,-0.17040899395942688,0.9298610091209412,-0.32499051094055176,0,-0.07249799370765686,0.3171525001525879,0.945360004901886,0,1.6396000385284424,10.316100120544434,-0.4749000072479248,1
B24,mixamorig_LeftHandRing2,23,1,0,0,0,0,1,0,0,0,0,1,0,0,4.405700206756592,0,1
B25,mixamorig_LeftHandRing3,24,1,-4.999999987376214e-7,0,0,4.999999987376214e-7,1,0.000002499999936844688,0,0,-0.000002499999936844688,1,0,0,4.156300067901611,0,1
B26,mixamorig_LeftHandRing4,25,1,0,0,0,0,1,0,0,0,0,1,0,0,3.3340001106262207,0,1
B27,mixamorig_LeftHandPinky1,10,0.9763895273208618,0.20289099216461182,0.07088899612426758,0,-0.16719600558280945,0.9233930110931396,-0.3441614806652069,0,-0.13580600917339325,0.32440048456192017,0.9357154965400696,0,3.763200044631958,8.75879955291748,-0.7164999842643738,1
B28,mixamorig_LeftHandPinky2,27,0.9998300075531006,0.018457498401403427,-0.0004569999873638153,0,-0.018457498401403427,0.9998300075531006,0.000004999999873689376,0,0.0004569999873638153,0.000003000000106112566,1,0,-0.03189999982714653,4.531199932098389,0,1
B29,mixamorig_LeftHandPinky3,28,0.9998760223388672,-0.015728000551462173,0.0005649999948218465,0,0.015728000551462173,0.9998760223388672,0.000002499999936844688,0,-0.0005644999910145998,0.00000650000038149301,1,0,0.043699998408555984,3.826900005340576,0,1
B30,mixamorig_LeftHandPinky4,29,1,0,0,0,0,1,0,0,0,0,1,0,-0.011699999682605267,2.7146999835968018,0,1
B31,mixamorig_RightShoulder,3,0.3826950192451477,-0.38681501150131226,0.8383110165596008,0,-0.9149519801139832,-0.27480998635292053,0.2920694947242737,0,0.11727199703454971,-0.8797280192375183,-0.4584130048751831,0,-6.916900157928467,14.054499626159668,-0.19089999794960022,1
B32,mixamorig_RightArm,31,0.7565605044364929,0.18103550374507904,-0.6164020299911499,0,-0.16777649521827698,0.9773665070533752,0.08433899283409119,0,0.6262975335121155,0.03319000080227852,0.7745664715766907,0,0,14.531800270080566,0,1
B33,mixamorig_RightForeArm,32,0.5291190147399902,-0.8474535346031189,-0.04304100200533867,0,0.8476800322532654,0.525608479976654,0.07190600037574768,0,-0.03831449896097183,-0.07453200221061707,0.9964824914932251,0,0,21.02989959716797,0,1
B34,mixamorig_RightHand,33,0.9643404483795166,0.08894099295139313,-0.2095094919204712,0,-0.18563500046730042,0.7388830184936523,-0.6310204863548279,0,0.09544049948453903,0.6447445154190063,0.7329745292663574,0,0,30.839500427246094,0,1
B35,mixamorig_RightHandThumb1,34,0.7743790149688721,-0.6175879836082458,0.13735400140285492,0,0.554380476474762,0.7666680216789246,0.32122451066970825,0,-0.30348148941993713,-0.17280501127243042,0.9361584782600403,0,3.766700029373169,2.899199962615967,1.277899980545044,1
B36,mixamorig_RightHandThumb2,35,0.9542930126190186,0.2980610132217407,-0.021875500679016113,0,-0.29755699634552,0.9544104933738708,0.023566000163555145,0,0.02790200151503086,-0.0159784983843565,0.9994829893112183,0,0.27950000762939453,3.9277000427246094,0,1
B37,mixamorig_RightHandThumb3,36,0.9904534816741943,0.13423900306224823,-0.027450500056147575,0,-0.13682350516319275,0.9583559632301331,-0.2502099871635437,0,-0.007272500079125166,0.25162097811698914,0.9677979946136475,0,0.12520000338554382,4.745800018310547,0,1
B38,mixamorig_RightHandThumb4,37,1,0,0,0,0,1,0,0,0,0,1,0,-0.40470001101493835,4.166999816894531,0,1
B39,mixamorig_RightHandIndex1,34,0.9993104934692383,-0.03683999925851822,0.0013750001089647412,0,0.0344109982252121,0.9452449679374695,0.32180750370025635,0,-0.012967499904334545,-0.32155051827430725,0.9458799958229065,0,4.246799945831299,10.747300148010254,-0.6026999950408936,1
B40,mixamorig_RightHandIndex2,39,0.9960039854049683,0.08524499833583832,0.02568100020289421,0,-0.08531799912452698,0.8324694633483887,0.5447705388069153,0,0.02543800137937069,-0.5447820425033569,0.8364654779434204,0,-0.03269999846816063,4.414000034332275,0,1
B41,mixamorig_RightHandIndex3,40,0.9980084896087646,0.05961350351572037,0.01943650096654892,0,-0.06094900146126747,0.8514149785041809,0.5182075500488281,0,0.014707501046359539,-0.5183629989624023,0.8533999919891357,0,0.032499998807907104,4.0609002113342285,0,1
B42,mixamorig_RightHandIndex4,41,1,0,0,0,0,1,0,0,0,0,1,0,0.00019999999494757503,3.2941999435424805,0,1
B43,mixamorig_RightHandMiddle1,34,0.9995260238647461,-0.02772500179708004,-0.01234899926930666,0,0.030326498672366142,0.9274084568023682,0.36997848749160767,0,0.0014275000430643559,-0.37019050121307373,0.9278324842453003,0,1.1612999439239502,10.571100234985352,-0.3873000144958496,1
B44,mixamorig_RightHandMiddle2,43,0.9966195225715637,0.079134501516819,0.021069500595331192,0,-0.0788865014910698,0.8595579862594604,0.5026274919509888,0,0.02197599969804287,-0.5025885105133057,0.8629379868507385,0,-0.027899999171495438,4.389599800109863,0,1
B45,mixamorig_RightHandMiddle3,44,0.9973400235176086,0.06930500268936157,0.021370001137256622,0,-0.07031349837779999,0.8532804846763611,0.5139114856719971,0,0.017769500613212585,-0.5140484571456909,0.8559370040893555,0,0.01769999973475933,4.4207000732421875,0,1
B46,mixamorig_RightHandMiddle4,45,1,0,0,0,0,1,0,0,0,0,1,0,0.010200000368058681,3.6033999919891357,0,1
B47,mixamorig_RightHandRing1,34,0.9989755153656006,0.0015874998643994331,-0.044584497809410095,0,0.01724250055849552,0.906853973865509,0.41814449429512024,0,0.041470497846603394,-0.4185050129890442,0.9059339761734009,0,-1.6562999486923218,10.18340015411377,-0.5899999737739563,1
B48,mixamorig_RightHandRing2,47,0.9955919981002808,0.09009949862957001,0.024520499631762505,0,-0.09008600562810898,0.8589114546775818,0.5016974806785583,0,0.024569500237703323,-0.5016955137252808,0.863319456577301,0,0,4.605899810791016,0,1
B49,mixamorig_RightHandRing3,48,0.9953354597091675,0.09264399856328964,0.025883501395583153,0,-0.09264849871397018,0.8517979979515076,0.5139275193214417,0,0.025867000222206116,-0.5139285326004028,0.8564624786376953,0,-0.0005000000237487257,4.152100086212158,0,1
B50,mixamorig_RightHandRing4,49,1,0,0,0,0,1,0,0,0,0,1,0,0.0005000000237487257,3.47760009765625,0,1
B51,mixamorig_RightHandPinky1,34,0.9937244653701782,0.05097050219774246,-0.09870849549770355,0,0.0003345001023262739,0.8859440088272095,0.46011099219322205,0,0.11165450513362885,-0.45728152990341187,0.8804504871368408,0,-3.751800060272217,9.00510025024414,-0.762499988079071,1
B52,mixamorig_RightHandPinky2,51,0.9942284822463989,0.10356850177049637,0.026315001770853996,0,-0.1023310050368309,0.852981448173523,0.5101665258407593,0,0.03077000007033348,-0.5099164843559265,0.8587474822998047,0,0.016599999740719795,4.50439977645874,0,1
B53,mixamorig_RightHandPinky3,52,0.9872989654541016,0.15277551114559174,0.04247800260782242,0,-0.15244300663471222,0.8412249684333801,0.5170320272445679,0,0.043657999485731125,-0.5169339776039124,0.8539254665374756,0,-0.061400000005960464,3.67549991607666,0,1
B54,mixamorig_RightHandPinky4,53,1,0,0,0,0,1,0,0,0,0,1,0,0.04479999840259552,2.9488000869750977,0,1
B55,mixamorig_LeftUpLeg,0,-0.8808519840240479,-0.03318599984049797,0.4651719927787781,0,0.4098794758319855,-0.5292970538139343,0.7379299998283386,0,0.22096149623394012,0.8464784622192383,0.4835685193538666,0,9.285400390625,-6.101399898529053,0.09839999675750732,1
B56,mixamorig_LeftLeg,55,0.9591100215911865,-0.2272394895553589,-0.1636030077934265,0,0.01397750061005354,0.6300044655799866,-0.7706844806671143,0,0.2794100046157837,0.7364115118980408,0.6077160239219666,0,0,41.27989959716797,0,1
B57,mixamorig_LeftFoot,56,0.884598970413208,0.0952490046620369,-0.4483545124530792,0,-0.05407950282096863,0.9912765026092529,0.09570000320672989,0,0.45685651898384094,-0.05682799965143204,0.8834104537963867,0,0,34.82059860229492,0,1
B58,mixamorig_LeftToeBase,57,0.9995795488357544,-0.02309499867260456,0.01752600073814392,0,0.02180900052189827,0.9972714781761169,0.07042200118303299,0,-0.019104499369859695,-0.0700099989771843,0.9973554611206055,0,0,19.62350082397461,0,1
B59,mixamorig_LeftToe_End,58,1,0,0,0,0,1,0,0,0,0,1,0,0,7.278200149536133,0,1
B60,mixamorig_RightUpLeg,0,-0.8188000321388245,0.3430044949054718,-0.45940449833869934,0,-0.5634074807167053,-0.33824101090431213,0.7513949871063232,0,0.1037134975194931,0.8743205070495605,0.47126349806785583,0,-9.285400390625,-6.101399898529053,0.47699999809265137,1
B61,mixamorig_RightLeg,60,0.9984285235404968,0.007733999751508236,-0.04664149880409241,0,-0.01813649944961071,0.9809515476226807,-0.18000198900699615,0,0.044460002332925797,0.1805254966020584,0.9795550107955933,0,0,41.30070114135742,0,1
B62,mixamorig_RightFoot,61,0.9072170257568359,0.3706664741039276,-0.19771049916744232,0,-0.09896750003099442,0.6448104977607727,0.7556700110435486,0,0.40884000062942505,-0.665913462638855,0.6216710209846497,0,0,34.73809814453125,0,1
B63,mixamorig_RightToeBase,62,0.9998690485954285,0.0030094999819993973,0.015919499099254608,0,-0.01098950020968914,0.8480355143547058,0.5298089981079102,0,-0.01190549973398447,-0.5299149751663208,0.8479570150375366,0,0,18.669599533081055,0,1
B64,mixamorig_RightToe_End,63,1,0,0,0,0,1,0,0,0,0,1,0,0,7.23769998550415,0,1
@52,0,1,2,3,4,5,7,8,9,10,11,12,13,15,16,17,19,20,21,23,24,25,27,28,29,31,32,33,34,35,36,37,39,40,41,43,44,45,47,48,49,51,52,53,55,56,57,58,60,61,62,63
K0.000,0.9940099716186523,-0.10891900211572647,-0.00900300033390522,0,-0.05428599938750267,-0.4205630123615265,-0.9056379795074463,0,0.09485500305891037,0.9007019996643066,-0.4239569902420044,0,0.1514810025691986,30.21385383605957,-2.216162919998169,1,0.9898880124092102,-0.12879499793052673,0.0594400018453598,0,0.039399001747369766,0.6521890163421631,0.7570319771766663,0,-0.1362680047750473,-0.747035026550293,0.6506689786911011,0,0,10.96969985961914,-0.9217000007629395,1,0.9977329969406128,0.033247001469135284,0.058504000306129456,0,-0.04674199968576431,0.9678580164909363,0.24711599946022034,0,-0.04840800166130066,-0.24929100275039673,0.9672179818153381,0,0,12.843099594116211,0,1,0.9982709884643555,0.040578000247478485,0.04252700135111809,0,-0.04992000013589859,0.9672489762306213,0.24887199699878693,0,-0.031036000698804855,-0.25056400895118713,0.967602014541626,0,0,14.677800178527832,0,1,0.9997130036354065,0.023830000311136246,0.0026340000331401825,0,-0.023817000910639763,0.9745299816131592,0.2229910045862198,0,0.0027469999622553587,-0.22298899292945862,0.9748169779777527,0,0,16.512500762939453,0,1,0.9922450184822083,0.12419900298118591,0.005024999845772982,0,-0.11174699664115906,0.8735989928245544,0.4736430048942566,0,0.05443599820137024,-0.47053098678588867,0.8807029724121094,0,0,7.061100006103516,2.2988998889923096,1,0.018201999366283417,0.10098700225353241,-0.994720995426178,0,0.946008026599884,-0.32377099990844727,-0.015560000203549862,0,-0.32363298535346985,-0.9407309889793396,-0.10142800211906433,0,6.916900157928467,14.057100296020508,-0.22190000116825104,1,0.7302470207214355,-0.37292298674583435,-0.5724220275878906,0,0.6151530146598816,-0.005570999812334776,0.7883880138397217,0,-0.29719701409339905,-0.9278450012207031,0.22533699870109558,0,0,14.531800270080566,0,1,0.8261479735374451,0.5631629824638367,0.018070999532938004,0,-0.5633090138435364,0.8247860074043274,0.049104999750852585,0,0.012749000452458858,-0.05074800178408623,0.9986299872398376,0,0,21.02669906616211,0,1,0.8988850116729736,-0.32577699422836304,-0.2930450141429901,0,-0.31274598836898804,-0.008559999987483025,-0.9497979879379272,0,0.30691400170326233,0.9454079866409302,-0.10958000272512436,0,0,30.839000701904297,0,1,0.7616450190544128,0.6399490237236023,-0.10179299861192703,0,-0.6437940001487732,0.7651699781417847,-0.006606999784708023,0,0.07366099953651428,0.07056599855422974,0.9947839975357056,0,-3.84660005569458,2.9021999835968018,1.282099962234497,1,0.9842979907989502,-0.17651599645614624,-0.0005699999746866524,0,0.17643900215625763,0.9837620258331299,0.032885000109672546,0,-0.005243999883532524,-0.0324690006673336,0.9994590282440186,0,-0.2102999985218048,3.9835000038146973,0,1,0.9999799728393555,0.0014979999978095293,-0.006134000141173601,0,-0.0030380000825971365,0.9657570123672485,-0.25943100452423096,0,0.005535999778658152,0.2594450116157532,0.9657419919967651,0,0.06719999760389328,4.81279993057251,0,1,0.9985679984092712,0.0528779998421669,0.008155999705195427,0,-0.05341000109910965,0.9941840171813965,0.09351900219917297,0,-0.0031640001107007265,-0.09382099658250809,0.9955840110778809,0,-4.320300102233887,10.638199806213379,-0.5629000067710876,1,0.9999139904975891,-0.01312199980020523,-0.00037399999564513564,0,0.013123000040650368,0.9999139904975891,0.0007939999923110008,0,0.00036299999919719994,-0.0007989999721758068,1,0,0.04089999943971634,4.4268999099731445,0,1,0.9999909996986389,-0.00418000016361475,0.00030399998649954796,0,0.00418000016361475,0.9999909996986389,-0.0004889999981969595,0,-0.0003020000003743917,0.0004900000058114529,1,0,-0.015300000086426735,4.056700229644775,0,1,0.9988080263137817,0.04563799872994423,0.017308000475168228,0,-0.04702899977564812,0.9947400093078613,0.09100300073623657,0,-0.013063999824225903,-0.09170900285243988,0.9957000017166138,0,-1.0824999809265137,10.619000434875488,-0.539900004863739,1,0.9999840259552002,-0.00558600015938282,0.000007000000096013537,0,0.00558600015938282,0.9999840259552002,0,0,-0.000007000000096013537,0,1,0,0.01209999993443489,4.506899833679199,0,1,0.9999949932098389,0.00304599991068244,-0.000048999998398358,0,-0.00304599991068244,0.9999949932098389,0,0,0.000048999998398358,0,1,0,-0.012600000016391277,4.342400074005127,0,1,0.9978520274162292,0.04379900172352791,0.04870900139212608,0,-0.04713600128889084,0.9964609742164612,0.06960300356149673,0,-0.04548799991607666,-0.07175000011920929,0.9963849782943726,0,1.6396000385284424,10.316100120544434,-0.4749000072479248,1,1,-0.00020799999765586108,0,0,0.00020799999765586108,0.9999989867210388,0.001145999995060265,0,0,-0.001145999995060265,0.9999989867210388,0,0,4.405700206756592,0,1,1,0.00012199999764561653,0,0,-0.00012199999764561653,1,-0.0006709999870508909,0,0,0.0006709999870508909,1,0,0,4.156300067901611,0,1,0.9954720139503479,0.0401730015873909,0.08614899963140488,0,-0.04384800046682358,0.9981889724731445,0.04119199886918068,0,-0.0843380019068718,-0.04478299990296364,0.9954299926757812,0,3.763200044631958,8.75879955291748,-0.7164999842643738,1,0.9998300075531006,0.018456999212503433,-0.0004569999873638153,0,-0.018456999212503433,0.9998300075531006,0.000004999999873689376,0,0.0004569999873638153,0.000003000000106112566,1,0,-0.03189999982714653,4.531199932098389,0,1,0.9998760223388672,-0.015728000551462173,0.0005649999948218465,0,0.015728000551462173,0.9998760223388672,0.0000019999999949504854,0,-0.0005649999948218465,0.000007000000096013537,1,0,0.043699998408555984,3.826900005340576,0,1,-0.02327200025320053,-0.00865899957716465,0.9996920228004456,0,-0.9588209986686707,-0.282929003238678,-0.02477099932730198,0,0.28305599093437195,-0.9591019749641418,-0.0017180000431835651,0,-6.916900157928467,14.054499626159668,-0.19089999794960022,1,0.7955840229988098,0.38639500737190247,0.4666309952735901,0,-0.5663099884986877,0.20062799751758575,0.7994009852409363,0,0.21526600420475006,-0.9002479910850525,0.37843599915504456,0,0,14.531800270080566,0,1,0.74959397315979,-0.661450982093811,-0.02433899976313114,0,0.661628007888794,0.7477290034294128,0.056122999638319016,0,-0.01892399974167347,-0.05817300081253052,0.9981269836425781,0,0,21.02989959716797,0,1,0.6497840285301208,0.5707119703292847,0.5020650029182434,0,0.500461995601654,0.175929993391037,-0.847694993019104,0,-0.5721179842948914,0.8020830154418945,-0.17130300402641296,0,0,30.839500427246094,0,1,0.7458490133285522,-0.6574329733848572,0.10719200223684311,0,0.6607409715652466,0.7505900263786316,0.006058000028133392,0,-0.08444000035524368,0.06630799919366837,0.9942200183868408,0,3.766700029373169,2.899199962615967,1.277899980545044,1,0.9726769924163818,0.23211799561977386,-0.00446499977260828,0,-0.23196600377559662,0.9724699854850769,0.02222299948334694,0,0.009499999694526196,-0.020579999312758446,0.9997429847717285,0,0.27950000762939453,3.9277000427246094,0,1,0.9999639987945557,0.00482399994507432,0.007003000006079674,0,-0.0028880001045763493,0.9672399759292603,-0.25384798645973206,0,-0.007997999899089336,0.25381898880004883,0.9672189950942993,0,0.12520000338554382,4.745800018310547,0,1,0.9980769753456116,-0.061246998608112335,-0.009530000388622284,0,0.06183600053191185,0.9944689869880676,0.08489300310611725,0,0.0042779999785125256,-0.08531899750232697,0.9963449835777283,0,4.246799945831299,10.747300148010254,-0.6026999950408936,1,0.9998810291290283,0.01541099976748228,-0.00004400000034365803,0,-0.01541099976748228,0.9998810291290283,0,0,0.00004400000034365803,0,1,0,-0.03269999846816063,4.414000034332275,0,1,0.9999679923057556,-0.007942000404000282,0.0002969999914057553,0,0.007942000404000282,0.9999679923057556,0,0,-0.0002969999914057553,0.0000019999999949504854,1,0,0.032499998807907104,4.0609002113342285,0,1,0.9980630278587341,-0.059905000030994415,-0.016804000362753868,0,0.06109200045466423,0.9947230219841003,0.08242499828338623,0,0.011777999810874462,-0.08329199999570847,0.9964560270309448,0,1.1612999439239502,10.571100234985352,-0.3873000144958496,1,0.9999449849128723,0.010501000098884106,0.00015199999324977398,0,-0.010501000098884106,0.9999439716339111,0.0010260000126436353,0,-0.00014200000441633165,-0.0010270000202581286,0.9999989867210388,0,-0.027899999171495438,4.389599800109863,0,1,0.9999989867210388,-0.001259000040590763,0.00004600000102072954,0,0.001259000040590763,0.9999989867210388,-0.0006200000061653554,0,-0.000045000000682193786,0.0006210000137798488,1,0,0.01769999973475933,4.4207000732421875,0,1,0.9970870018005371,-0.05086899921298027,-0.056829001754522324,0,0.05525600165128708,0.9953820109367371,0.07850100100040436,0,0.052574001252651215,-0.08141200244426727,0.9952930212020874,0,-1.6562999486923218,10.18340015411377,-0.5899999737739563,1,1,-0.00011999999696854502,0.000006000000212225132,0,0.00011999999696854502,1,0,0,-0.000006000000212225132,0,1,0,0,4.605899810791016,0,1,1,0.0002640000020619482,0.0000019999999949504854,0,-0.0002640000020619482,1,0,0,-0.0000019999999949504854,0,1,0,-0.0005000000237487257,4.152100086212158,0,1,0.9921129941940308,-0.052069999277591705,-0.11401999741792679,0,0.05671500042080879,0.9976710081100464,0.03788499906659126,0,0.1117819994688034,-0.04405299946665764,0.9927560091018677,0,-3.751800060272217,9.00510025024414,-0.762499988079071,1,0.9997959733009338,-0.02018599957227707,0.0011660000309348106,0,0.020184999331831932,0.9997959733009338,0.0008629999938420951,0,-0.001183000043965876,-0.000838999985717237,0.9999989867210388,0,0.016599999740719795,4.50439977645874,0,1,0.9994950294494629,0.03177500143647194,-0.0002229999954579398,0,-0.03177599981427193,0.9994950294494629,-0.00047599998652003706,0,0.00020799999765586108,0.0004820000031031668,1,0,-0.061400000005960464,3.67549991607666,0,1,-0.535768985748291,-0.36033499240875244,0.7636169791221619,0,0.8432660102844238,-0.27445998787879944,0.4621399939060211,0,0.043056998401880264,0.8915320038795471,0.45090600848197937,0,9.285400390625,-6.101399898529053,0.09839999675750732,1,0.9978539943695068,-0.01308200042694807,-0.0641539990901947,0,-0.017454000189900398,0.8912330269813538,-0.4532099962234497,0,0.06310500204563141,0.4533570110797882,0.8890920281410217,0,0,41.27989959716797,0,1,0.9962660074234009,-0.04779300093650818,-0.07190699875354767,0,0.07723300158977509,0.8656089901924133,0.49472901225090027,0,0.03859899938106537,-0.49843499064445496,0.8660680055618286,0,0,34.82059860229492,0,1,0.999297022819519,-0.0001829999964684248,-0.03748000040650368,0,0.020315000787377357,0.8429980278015137,0.5375319719314575,0,0.03149700164794922,-0.5379160046577454,0.8424100279808044,0,0,19.62350082397461,0,1,-0.6429250240325928,0.4828310012817383,-0.5945770144462585,0,-0.7618749737739563,-0.4829069972038269,0.43167901039123535,0,-0.07869700342416763,0.7305309772491455,0.6783300042152405,0,-9.285400390625,-6.101399898529053,0.47699999809265137,1,0.9838820099830627,-0.06092200055718422,-0.16811899840831757,0,0.02651900053024292,0.9794890284538269,-0.1997469961643219,0,0.17684000730514526,0.19206899404525757,0.9653170108795166,0,0,41.30070114135742,0,1,0.9599260091781616,0.23973900079727173,-0.14514699578285217,0,0.04968300089240074,0.36413800716400146,0.9300190210342407,0,0.2758150100708008,-0.8999599814414978,0.33763501048088074,0,0,34.73809814453125,0,1,0.9998959898948669,0.004219000227749348,0.013821999542415142,0,-0.010711000300943851,0.8584319949150085,0.512814998626709,0,-0.009701999835669994,-0.5129089951515198,0.8583880066871643,0,0,18.669599533081055,0,1
K0.033,0.9880585074424744,0.06367673724889755,-0.14030511677265167,0,-0.09696231782436371,-0.45071884989738464,-0.8873840570449829,0,-0.11974401026964188,0.8903917670249939,-0.43916237354278564,0,3.3893978595733643,30.24323081970215,-3.8676955699920654,1,0.9870649576187134,-0.15447595715522766,-0.0428946390748024,0,0.12770545482635498,0.5958395600318909,0.7928841710090637,0,-0.09692365676164627,-0.7881063222885132,0.6078596711158752,0,0,10.96969985961914,-0.9217000007629395,1,0.999002993106842,0.03276598080992699,0.030334727838635445,0,-0.03911391645669937,0.9698400497436523,0.24058285355567932,0,-0.021536745131015778,-0.24152885377407074,0.9701540470123291,0,0,12.843099594116211,0,1,0.9992179870605469,0.03736094757914543,0.012949724681675434,0,-0.03938288986682892,0.9696750640869141,0.2412058562040329,0,-0.003545749466866255,-0.24152684211730957,0.9703880548477173,0,0,14.677800178527832,0,1,0.9989569783210754,0.04191606864333153,0.018086116760969162,0,-0.0448300875723362,0.9755420088768005,0.215192973613739,0,-0.008624101988971233,-0.21577897667884827,0.9764040112495422,0,0,16.512500762939453,0,1,0.9699597358703613,0.1966482251882553,0.143203005194664,0,-0.2386515885591507,0.8833109736442566,0.4034925401210785,0,-0.04714689031243324,-0.4255468547344208,0.9037070274353027,0,0,7.061100006103516,2.2988998889923096,1,0.10827328264713287,0.09674077481031418,-0.9894028306007385,0,0.9286686182022095,-0.36500343680381775,0.06593820452690125,0,-0.35475626587867737,-0.9259667992591858,-0.12935934960842133,0,6.916900157928467,14.057100296020508,-0.22190000116825104,1,0.6157118082046509,-0.5463831424713135,-0.5677710771560669,0,0.6230760216712952,-0.10349524021148682,0.7752839922904968,0,-0.48236319422721863,-0.8311159014701843,0.276714950799942,0,0,14.531800270080566,0,1,0.7551644444465637,0.6550865769386292,0.024259047582745552,0,-0.6552565693855286,0.7532444596290588,0.05712105333805084,0,0.01914604939520359,-0.05903105065226555,0.9980729818344116,0,0,21.02669906616211,0,1,0.7270600199699402,-0.3439328372478485,-0.59421706199646,0,-0.5402393341064453,0.24752697348594666,-0.8042824864387512,0,0.42370450496673584,0.905781626701355,-0.005839185789227486,0,0,30.839000701904297,0,1,0.690149188041687,0.651940107345581,0.3141152262687683,0,-0.6902289986610413,0.7234349250793457,0.015044349245727062,0,-0.21743321418762207,-0.2271937131881714,0.949266254901886,0,-3.84660005569458,2.9021999835968018,1.282099962234497,1,0.9734908938407898,-0.22834746539592743,0.013126080855727196,0,0.22777244448661804,0.97307288646698,0.03535402566194534,0,-0.02084609866142273,-0.031426992267370224,0.9992889761924744,0,-0.2102999985218048,3.9835000038146973,0,1,0.9939510822296143,0.09730742871761322,-0.05091390013694763,0,-0.10754841566085815,0.9563000202178955,-0.2718900740146637,0,0.0222320593893528,0.2757210433483124,0.9609799981117249,0,0.06719999760389328,4.81279993057251,0,1,0.9979239702224731,0.06342513859272003,0.011181986890733242,0,-0.06419313699007034,0.9935650825500488,0.09330993890762329,0,-0.005192055832594633,-0.09383394569158554,0.9955740571022034,0,-4.320300102233887,10.638199806213379,-0.5629000067710876,1,0.9998300075531006,-0.018407003954052925,-0.0006180002819746733,0,0.018417004495859146,0.9991000294685364,0.03821203112602234,0,-0.00008600047294748947,-0.038217030465602875,0.9992690086364746,0,0.04089999943971634,4.4268999099731445,0,1,0.999987006187439,-0.005065002478659153,0.00025099984486587346,0,0.005064002238214016,0.9999709725379944,0.005763017572462559,0,-0.0002809999277815223,-0.005762017797678709,0.999983012676239,0,-0.015300000086426735,4.056700229644775,0,1,0.9981129765510559,0.058561183512210846,0.018493985757231712,0,-0.06002116575837135,0.9939500093460083,0.09197887033224106,0,-0.012995054945349693,-0.09291486442089081,0.9955890774726868,0,-1.0824999809265137,10.619000434875488,-0.539900004863739,1,0.9999470114707947,-0.010248013772070408,-0.00015700075891800225,0,0.01024701353162527,0.9994580149650574,0.03127109259366989,0,-0.0001640007394598797,-0.03127109259366989,0.9995110034942627,0,0.01209999993443489,4.506899833679199,0,1,0.9999989867210388,0.0016969944117590785,-0.00005400005102274008,0,-0.0016969944117590785,0.9999579787254333,0.009052037261426449,0,0.00006900005246279761,-0.009052037261426449,0.9999589920043945,0,-0.012600000016391277,4.342400074005127,0,1,0.9973059892654419,0.053991202265024185,0.04964698851108551,0,-0.058131150901317596,0.9945870041847229,0.08612095564603806,0,-0.04472905397415161,-0.08877596259117126,0.9950470328330994,0,1.6396000385284424,10.316100120544434,-0.4749000072479248,1,0.9999899864196777,-0.004557022359222174,-0.00005700070323655382,0,0.004557022359222174,0.9996749758720398,0.025102123618125916,0,-0.00005700071051251143,-0.025102123618125916,0.9996849894523621,0,0,4.405700206756592,0,1,1,-0.0005870171589776874,-0.0000010001400596593157,0,0.0005870171589776874,0.9999949932098389,0.0032360944896936417,0,-0.0000010001300552175962,-0.0032360944896936417,0.9999949932098389,0,0,4.156300067901611,0,1,0.9950979948043823,0.043158166110515594,0.08898402005434036,0,-0.051088109612464905,0.9947330355644226,0.0888642743229866,0,-0.08468005061149597,-0.09297528862953186,0.9920610785484314,0,3.763200044631958,8.75879955291748,-0.7164999842643738,1,0.9998940229415894,0.01456696167588234,-0.00028899902827106416,0,-0.01455996185541153,0.999737024307251,0.017701173201203346,0,0.0005470002070069313,-0.017695173621177673,0.9998430013656616,0,-0.03189999982714653,4.531199932098389,0,1,0.9998289942741394,-0.018481003120541573,0.0004939998616464436,0,0.018473003059625626,0.9997509717941284,0.012501014396548271,0,-0.0007250001654028893,-0.012490013614296913,0.999921977519989,0,0.043699998408555984,3.826900005340576,0,1,-0.046811532229185104,-0.058233510702848434,0.9972049593925476,0,-0.9528248906135559,-0.2971031367778778,-0.06207767501473427,0,0.2998882234096527,-0.95306795835495,-0.041578300297260284,0,-6.916900157928467,14.054499626159668,-0.19089999794960022,1,0.8068753480911255,0.4691252112388611,0.3589895963668823,0,-0.5060099959373474,0.2353208065032959,0.829805314540863,0,0.3048054873943329,-0.8512026071548462,0.42725738883018494,0,0,14.531800270080566,0,1,0.7276111245155334,-0.6854898929595947,-0.02620399184525013,0,0.6856728792190552,0.7255821228027344,0.05816399306058884,0,-0.02085799165070057,-0.060287993401288986,0.997963011264801,0,0,21.02989959716797,0,1,0.6195360422134399,0.5712759494781494,0.5383480191230774,0,0.5504862666130066,0.17271359264850616,-0.8167828917503357,0,-0.5595886707305908,0.8023801445960999,-0.20747734606266022,0,0,30.839500427246094,0,1,0.7449589967727661,-0.6583849787712097,0.10754203796386719,0,0.6617090106010437,0.7497349977493286,0.006220006849616766,0,-0.08472403138875961,0.06652802228927612,0.9941809773445129,0,3.766700029373169,2.899199962615967,1.277899980545044,1,0.9714769721031189,0.23707596957683563,-0.005140992347151041,0,-0.23690897226333618,0.9712769985198975,0.02227099984884262,0,0.010273991152644157,-0.02041800133883953,0.9997389912605286,0,0.27950000762939453,3.9277000427246094,0,1,0.9999740123748779,-0.003390910569578409,0.006371006835252047,0,0.004897915292531252,0.9672330021858215,-0.25384199619293213,0,-0.00530102988705039,0.2538670003414154,0.9672250151634216,0,0.12520000338554382,4.745800018310547,0,1,0.9980210065841675,-0.06215100362896919,-0.009549000300467014,0,0.06270600110292435,0.9950140118598938,0.07755296677350998,0,0.004681001417338848,-0.07799897342920303,0.9969419836997986,0,4.246799945831299,10.747300148010254,-0.6026999950408936,1,0.9998390078544617,0.01794601045548916,0.00013600090460386127,0,-0.01794501207768917,0.9996500015258789,0.019422082230448723,0,0.00021300085063558072,-0.019421081990003586,0.9998109936714172,0,-0.03269999846816063,4.414000034332275,0,1,0.9999539852142334,-0.00957400817424059,0.000306000147247687,0,0.009577007964253426,0.9998760223388672,-0.012517066672444344,0,-0.00018599933537188917,0.012519067153334618,0.999921977519989,0,0.032499998807907104,4.0609002113342285,0,1,0.9980080127716064,-0.060807004570961,-0.016831999644637108,0,0.06191100552678108,0.9952219724655151,0.07549597322940826,0,0.012161001563072205,-0.07638797163963318,0.997003972530365,0,1.1612999439239502,10.571100234985352,-0.3873000144958496,1,0.9999160170555115,0.012941011227667332,0.0002470005420036614,0,-0.012943010777235031,0.9997410178184509,0.01871407777070999,0,-0.000004999259545002133,-0.018716078251600266,0.9998250007629395,0,-0.027899999171495438,4.389599800109863,0,1,0.9999960064888,-0.0028070092666894197,0.000023999949917197227,0,0.0028070092666894197,0.999925971031189,-0.011846067383885384,0,0.000010000409929489251,0.011846067383885384,0.9999300241470337,0,0.01769999973475933,4.4207000732421875,0,1,0.9970170259475708,-0.05211600288748741,-0.0569240003824234,0,0.05612000450491905,0.9958840012550354,0.0711669772863388,0,0.05297999829053879,-0.07414897531270981,0.99583899974823,0,-1.6562999486923218,10.18340015411377,-0.5899999737739563,1,0.9999939799308777,0.0033450142946094275,0.00003700032175402157,0,-0.0033450142946094275,0.9998090267181396,0.01927107945084572,0,0.000027000340196536854,-0.01927107945084572,0.999813973903656,0,0,4.605899810791016,0,1,0.9999979734420776,-0.0019810146186500788,0.000015000229723227676,0,0.0019810146186500788,0.9999200105667114,-0.012486080639064312,0,0.0000100002298495383,0.012486080639064312,0.999921977519989,0,-0.0005000000237487257,4.152100086212158,0,1,0.991989016532898,-0.05415800213813782,-0.11412400007247925,0,0.057781003415584564,0.9979169964790344,0.028672974556684494,0,0.11233299970626831,-0.03503797575831413,0.9930530190467834,0,-3.751800060272217,9.00510025024414,-0.762499988079071,1,0.9998850226402283,-0.015107978135347366,0.0008679990423843265,0,0.015084978193044662,0.9996410012245178,0.02215809002518654,0,-0.0012029997305944562,-0.022142089903354645,0.999754011631012,0,0.016599999740719795,4.50439977645874,0,1,0.9995859861373901,0.02876397781074047,-0.00039500099956057966,0,-0.028766978532075882,0.9994999766349792,-0.01310409139841795,0,0.00001799884921638295,0.013110090978443623,0.9999139904975891,0,-0.061400000005960464,3.67549991607666,0,1,-0.6517813205718994,-0.30644261837005615,0.6937397718429565,0,0.7567606568336487,-0.2025471180677414,0.6215203404426575,0,-0.049945298582315445,0.9300901293754578,0.3639197051525116,0,9.285400390625,-6.101399898529053,0.09839999675750732,1,0.9976890087127686,-0.0631987527012825,-0.024954697117209435,0,0.02958601526916027,0.7346846461296082,-0.6777633428573608,0,0.061167627573013306,0.6754593849182129,0.7348566651344299,0,0,41.27989959716797,0,1,0.9915329813957214,-0.08170979470014572,-0.10092701762914658,0,0.12786488234996796,0.7499532103538513,0.6490147709846497,0,0.022659022361040115,-0.6564247608184814,0.7540512084960938,0,0,34.82059860229492,0,1,0.9992430210113525,0.0008889916935004294,-0.038886990398168564,0,0.020652998238801956,0.8350520730018616,0.5497828722000122,0,0.03296098858118057,-0.5501698851585388,0.8344020843505859,0,0,19.62350082397461,0,1,-0.686714231967926,0.4428836703300476,-0.576435923576355,0,-0.6989722847938538,-0.6200881600379944,0.3562700152397156,0,-0.19965514540672302,0.6475679874420166,0.7353864312171936,0,-9.285400390625,-6.101399898529053,0.47699999809265137,1,0.979961097240448,-0.1452549695968628,-0.13629676401615143,0,0.09493827074766159,0.942147433757782,-0.32147324085235596,0,0.17510700225830078,0.3020913600921631,0.9370575547218323,0,0,41.30070114135742,0,1,0.969322144985199,0.2341776341199875,-0.0746675655245781,0,-0.02781766466796398,0.4063483476638794,0.9132946133613586,0,0.24421365559101105,-0.8832000494003296,0.4003964960575104,0,0,34.73809814453125,0,1,0.999534010887146,-0.0065520708449184895,0.029829081147909164,0,-0.014141030609607697,0.7664133906364441,0.6421916484832764,0,-0.02706909365952015,-0.6423136591911316,0.7659633755683899,0,0,18.669599533081055,0,1
