8.333,30,249,65
B0,mixamorig_Hips,-1,0.9948390126228333,-0.049051739275455475,0.0888175293803215,0,0.05465155839920044,0.996593713760376,-0.06175593286752701,0,-0.0854862704873085,0.06629160046577454,0.994131326675415,0,-0.1295815259218216,92.80591583251953,-0.021880123764276505,1
B1,mixamorig_Spine,0,0.9983571171760559,0.047175079584121704,-0.032517023384571075,0,-0.04779721796512604,0.9986838698387146,-0.018612587824463844,0,0.03159560635685921,0.02013590559363365,0.9992976784706116,0,0,10.9697265625,-0.9216560125350952,1
B2,mixamorig_Spine1,1,0.999562680721283,0.02886783331632614,-0.006428318098187447,0,-0.028719540685415268,0.9993447065353394,0.022049415856599808,0,0.007060609292238951,-0.021855123341083527,0.9997361302375793,0,0,12.843087196350098,0,1
B3,mixamorig_Spine2,2,0.99955815076828,0.028932401910424232,-0.00682331807911396,0,-0.028779109939932823,0.9993516802787781,0.021609846502542496,0,0.007443609181791544,-0.021404122933745384,0.9997431039810181,0,0,14.67784595489502,0,1
B4,mixamorig_Neck,3,0.9999690055847168,0.00596863916143775,0.005108513403683901,0,-0.006796652916818857,0.9833928942680359,0.18136189877986908,0,-0.003940929658710957,-0.1813908964395523,0.9834028482437134,0,0,16.512548446655273,-0.0000019999999949504854,1
B5,mixamorig_Head,4,0.9998703002929688,-0.005277115385979414,-0.01521298848092556,0,0.0029706982895731926,0.9890102744102478,-0.1478143334388733,0,0.01582590490579605,0.14774949848651886,0.9888982772827148,0,0,7.061110973358154,2.298922061920166,1
B6,mixamorig_HeadTop_End,5,1,0,0,0,0,1,0,0,0,0,1,0,0,18.93035888671875,6.163255214691162,1
B7,mixamorig_LeftShoulder,3,0.2556084394454956,0.021785613149404526,-0.9665349125862122,0,0.8186143636703491,-0.5367441177368164,0.20439137518405914,0,-0.5143290758132935,-0.8434637188911438,-0.15503033995628357,0,6.916855812072754,14.057086944580078,-0.22194699943065643,1
B8,mixamorig_LeftArm,7,0.9499006271362305,0.24490277469158173,-0.19419565796852112,0,0.00837101973593235,0.6011640429496765,0.799082338809967,0,0.3124406635761261,-0.7606738805770874,0.5689959526062012,0,0,14.53177261352539,0,1
B9,mixamorig_LeftForeArm,8,0.9996821284294128,0.02504187449812889,0.0028119999915361404,0,-0.025047874078154564,0.9996841549873352,0.0021850138437002897,0,-0.0027565695345401764,-0.0022544441744685173,0.9999939799308777,0,0,21.02666473388672,0,1
B10,mixamorig_LeftHand,9,0.8741353750228882,-0.07248636335134506,0.4802425503730774,0,-0.012424265965819359,0.9851390719413757,0.17130924761295319,0,-0.485523521900177,-0.15571454167366028,0.8602445721626282,0,0,30.838993072509766,0,1
B11,mixamorig_LeftHandThumb1,10,0.8458210229873657,0.5154119729995728,-0.13761642575263977,0,-0.4489069879055023,0.8270310163497925,0.33838099241256714,0,0.2882184386253357,-0.224432572722435,0.9308919906616211,0,-3.8466269969940186,2.902224063873291,1.2821040153503418,1
B12,mixamorig_LeftHandThumb2,11,0.8713849782943726,-0.47382399439811707,-0.12720100581645966,0,0.4507859945297241,0.8756020069122314,-0.17352956533432007,0,0.19359956681728363,0.09387056529521942,0.9765794277191162,0,-0.21032099425792694,3.9834909439086914,0,1
B13,mixamorig_LeftHandThumb3,12,0.9894030094146729,0.0159939993172884,0.14431457221508026,0,0.020302999764680862,0.9689099788665771,-0.2465774267911911,0,-0.14377157390117645,0.24689443409442902,0.9583179950714111,0,0.06720300018787384,4.81280517578125,0,1
B14,mixamorig_LeftHandThumb4,13,1,0,0,0,0,1,0,0,0,0,1,0,0.1431179940700531,4.133609771728516,0,1
B15,mixamorig_LeftHandIndex1,10,0.9924129843711853,0.12268300354480743,0.008077000267803669,0,-0.12292999774217606,0.9889979958534241,0.08228900283575058,0,0.0021069999784231186,-0.08265743404626846,0.9965760111808777,0,-4.320343017578125,10.638165473937988,-0.5628820061683655,1
B16,mixamorig_LeftHandIndex2,15,0.9984660148620605,-0.05480799823999405,-0.00787500012665987,0,0.05467100068926811,0.953290581703186,0.29706600308418274,0,-0.008775000460445881,-0.29704099893569946,0.9548245668411255,0,0.04093100130558014,4.426897048950195,0,1
B17,mixamorig_LeftHandIndex3,16,0.9997119903564453,-0.02387700043618679,-0.002193999942392111,0,0.0239499993622303,0.9899809956550598,0.13915200531482697,0,-0.0011500000255182385,-0.139164000749588,0.9902690052986145,0,-0.01534199994057417,4.056707859039307,0,1
B18,mixamorig_LeftHandIndex4,17,1,0,0,0,0,1,0,0,0,0,1,0,-0.025589000433683395,3.1916298866271973,0,1
B19,mixamorig_LeftHandMiddle1,10,0.9987459778785706,0.04618699848651886,0.01933700032532215,0,-0.04931500181555748,0.9742079973220825,0.22019700706005096,0,-0.008667999878525734,-0.22087499499320984,0.9752640128135681,0,-1.0824860334396362,10.618980407714844,-0.5399230122566223,1
B20,mixamorig_LeftHandMiddle2,19,0.9987319707870483,-0.04977500066161156,-0.007600000128149986,0,0.049782998859882355,0.9535003900527954,0.29725155234336853,0,-0.007548999972641468,-0.2972525656223297,0.9547690153121948,0,0.012101000174880028,4.506927013397217,0,1
B21,mixamorig_LeftHandMiddle3,20,0.9990140199661255,-0.0437530018389225,-0.007541430648416281,0,0.04390743002295494,0.9484440088272095,0.3138900101184845,0,-0.006581000052392483,-0.31391099095344543,0.949429988861084,0,-0.012612000107765198,4.342446804046631,0,1
B22,mixamorig_LeftHandMiddle4,21,1,0,0,0,0,1,0,0,0,0,1,0,0.0005119999987073243,3.45156192779541,0,1
B23,mixamorig_LeftHandRing1,10,0.9989200234413147,0.012380000203847885,0.04478999972343445,0,-0.025717999786138535,0.950069010257721,0.31097957491874695,0,-0.038704000413417816,-0.31179556250572205,0.9493610262870789,0,1.6396340131759644,10.316095352172852,-0.4748550057411194,1
B24,mixamorig_LeftHandRing2,23,0.9978790283203125,-0.06404100358486176,-0.01168499980121851,0,0.06404100358486176,0.9335060119628906,0.3527970016002655,0,-0.01168499980121851,-0.3527970016002655,0.9356269836425781,0,-0.00002499999936844688,4.405697822570801,0,1
B25,mixamorig_LeftHandRing3,24,0.9984470009803772,-0.05505099892616272,-0.008555999957025051,0,0.055051568895578384,0.9513120055198669,0.303274005651474,0,-0.008555999957025051,-0.303274005651474,0.9528650045394897,0,0.000043000000005122274,4.156257152557373,0,1
B26,mixamorig_LeftHandRing4,25,1,0,0,0,0,1,0,0,0,0,1,0,-0.000018000000636675395,3.334045886993408,0,1
B27,mixamorig_LeftHandPinky1,10,0.9968400001525879,-0.050616998225450516,0.06122000142931938,0,0.021400999277830124,0.9133239984512329,0.4066700041294098,0,-0.07649800181388855,-0.4040749967098236,0.9115219712257385,0,3.763195037841797,8.758774757385254,-0.7164729833602905,1
B28,mixamorig_LeftHandPinky2,27,0.9988909959793091,-0.04658342897891998,-0.006796000059694052,0,0.04652443155646324,0.954787015914917,0.29362601041793823,0,-0.007189000025391579,-0.29361701011657715,0.9558960199356079,0,-0.03194500133395195,4.531202793121338,0,1
B29,mixamorig_LeftHandPinky3,28,0.996990978717804,-0.07694800198078156,-0.009383000433444977,0,0.07650899887084961,0.9573000073432922,0.27878957986831665,0,-0.012470000423491001,-0.2786685526371002,0.9603059887886047,0,0.04366699978709221,3.82686710357666,0,1
B30,mixamorig_LeftHandPinky4,29,1,0,0,0,0,1,0,0,0,0,1,0,-0.011722000315785408,2.7147440910339355,0,1
B31,mixamorig_RightShoulder,3,0.22998209297657013,-0.024420306086540222,0.9728887677192688,0,-0.802061915397644,-0.5709441900253296,0.17526917159557343,0,0.5511844158172607,-0.8206255435943604,-0.1508936583995819,0,-6.916855812072754,14.054476737976074,-0.19088199734687805,1
B32,mixamorig_RightArm,31,0.8744435906410217,-0.31761518120765686,0.3667006492614746,0,-0.033534612506628036,0.7145020961761475,0.6988290548324585,0,-0.4839666187763214,-0.6233835220336914,0.6141403317451477,0,0,14.53177261352539,0,1
B33,mixamorig_RightForeArm,32,0.9932621121406555,-0.11584826558828354,-0.003060430521145463,0,0.1158728301525116,0.9932151436805725,0.009865166619420052,0,0.001897138892672956,-0.010153166949748993,0.9999470114707947,0,0,21.029888153076172,0,1
B34,mixamorig_RightHand,33,0.9498025178909302,0.12178751826286316,-0.28817081451416016,0,-0.07247065752744675,0.9817129373550415,0.1760329008102417,0,0.30433955788612366,-0.14631301164627075,0.9412598609924316,0,0,30.839492797851562,0,1
B35,mixamorig_RightHandThumb1,34,0.835112988948822,-0.5372200012207031,0.11823900043964386,0,0.469325989484787,0.807977020740509,0.35624000430107117,0,-0.2869134247303009,-0.24200843274593353,0.9268829822540283,0,3.766706943511963,2.8991711139678955,1.2779239416122437,1
B36,mixamorig_RightHandThumb2,35,0.8280310034751892,0.5528950095176697,0.09312299638986588,0,-0.5348755717277527,0.8287563920021057,-0.16453200578689575,0,-0.1681455671787262,0.08642899990081787,0.9819660186767578,0,0.2795270085334778,3.927687883377075,0,1
B37,mixamorig_RightHandThumb3,36,0.986437976360321,-0.10866756737232208,-0.12300699949264526,0,0.06441099941730499,0.9456149935722351,-0.3188459873199463,0,0.15096500515937805,0.3065989911556244,0.9397910237312317,0,0.1252029985189438,4.74579381942749,0,1
B38,mixamorig_RightHandThumb4,37,1,0,0,0,0,1,0,0,0,0,1,0,-0.4047299921512604,4.166966915130615,0,1
B39,mixamorig_RightHandIndex1,34,0.991104006767273,-0.13289399445056915,-0.007278999779373407,0,0.13303600251674652,0.9876000285148621,0.08335399627685547,0,-0.0038880000356584787,-0.08358100056648254,0.9964929819107056,0,4.246767997741699,10.747323989868164,-0.6026759743690491,1
B40,mixamorig_RightHandIndex2,39,0.9985120296478271,0.053902000188827515,0.00825599953532219,0,-0.053915999829769135,0.9532060027122498,0.29747599363327026,0,0.008165000006556511,-0.2974785566329956,0.9546934366226196,0,-0.0327179990708828,4.414041042327881,0,1
B41,mixamorig_RightHandIndex3,40,0.9999459981918335,0.010223430581390858,0.0015770000172778964,0,-0.010343430563807487,0.9901869893074036,0.13936343789100647,0,-0.00013699999544769526,-0.13937200605869293,0.9902399778366089,0,0.03248399868607521,4.060927867889404,0,1
B42,mixamorig_RightHandIndex4,41,1,0,0,0,0,1,0,0,0,0,1,0,0.00023499999952036887,3.294218063354492,0,1
B43,mixamorig_RightHandMiddle1,34,0.9977980256080627,-0.06331100314855576,-0.019747570157051086,0,0.06611700356006622,0.9728469848632812,0.2218044251203537,0,0.005168569274246693,-0.22262142598628998,0.9748910069465637,0,1.161342978477478,10.571050643920898,-0.38728299736976624,1
B44,mixamorig_RightHandMiddle2,43,0.9986569881439209,0.05124242976307869,0.007600000128149986,0,-0.051180001348257065,0.9532859921455383,0.29770299792289734,0,0.008009999990463257,-0.2976920008659363,0.9546279907226562,0,-0.02787099964916706,4.389588832855225,0,1
B45,mixamorig_RightHandMiddle3,44,0.9990839958190918,0.042040999978780746,0.007933000102639198,0,-0.04240256920456886,0.9483569860458374,0.31435900926589966,0,0.005692000035196543,-0.31440699100494385,0.949271023273468,0,0.017653999850153923,4.420669078826904,0,1
B46,mixamorig_RightHandMiddle4,45,1,0,0,0,0,1,0,0,0,0,1,0,0.010216999799013138,3.60339093208313,0,1
B47,mixamorig_RightHandRing1,34,0.9982939958572388,-0.024001000449061394,-0.053231000900268555,0,0.03949499875307083,0.9489955902099609,0.3128064274787903,0,0.04300856962800026,-0.31437501311302185,0.9483240246772766,0,-1.656322956085205,10.18344497680664,-0.5900470018386841,1
B48,mixamorig_RightHandRing2,47,0.9979249835014343,0.06333799660205841,0.01154400035738945,0,-0.06333256512880325,0.9335139989852905,0.35290399193763733,0,0.011575430631637573,-0.35290300846099854,0.935588002204895,0,-0.000024000000848900527,4.605906963348389,0,1
B49,mixamorig_RightHandRing3,48,0.9984610080718994,0.05480000004172325,0.008526000194251537,0,-0.054802000522613525,0.9512969851493835,0.30336499214172363,0,0.008514000102877617,-0.30336499214172363,0.9528359770774841,0,-0.0004970000009052455,4.152098178863525,0,1
B50,mixamorig_RightHandRing4,49,1,0,0,0,0,1,0,0,0,0,1,0,0.000522000016644597,3.477612018585205,0,1
B51,mixamorig_RightHandPinky1,34,0.9950529932975769,0.04395899921655655,-0.08908700197935104,0,-0.003727999981492758,0.9126600027084351,0.4087029993534088,0,0.09927300363779068,-0.4063490033149719,0.9083089828491211,0,-3.7517879009246826,9.005111694335938,-0.7624639868736267,1
B52,mixamorig_RightHandPinky2,51,0.9987249970436096,0.05003799870610237,0.006717430427670479,0,-0.04981299862265587,0.9549819827079773,0.2924514412879944,0,0.008218569681048393,-0.29241299629211426,0.9562569856643677,0,0.016642000526189804,4.50438117980957,0,1
B53,mixamorig_RightHandPinky3,52,0.9951540231704712,0.09740900248289108,0.013392000459134579,0,-0.09729000180959702,0.9557759761810303,0.2775369882583618,0,0.014235000126063824,-0.27749499678611755,0.9606220126152039,0,-0.0613970011472702,3.6755199432373047,0,1
B54,mixamorig_RightHandPinky4,53,1,0,0,0,0,1,0,0,0,0,1,0,0.0447550006210804,2.9487850666046143,0,1
B55,mixamorig_LeftUpLeg,0,-0.9468908905982971,-0.15311409533023834,0.2827601432800293,0,0.1917617917060852,-0.9747597575187683,0.11433077603578568,0,0.25811731815338135,0.16248120367527008,0.9523522853851318,0,9.28536605834961,-6.1014251708984375,0.09842800348997116,1
B56,mixamorig_LeftLeg,55,0.9993304014205933,0.03051569312810898,0.02019180916249752,0,-0.023798512294888496,0.9611984491348267,-0.27482905983924866,0,-0.027794698253273964,0.2741648852825165,0.9612810611724854,0,0,41.279937744140625,0,1
B57,mixamorig_LeftFoot,56,0.986853837966919,-0.12782961130142212,-0.09888952970504761,0,0.150314599275589,0.501189649105072,0.8521817922592163,0,-0.05937134474515915,-0.8558439016342163,0.513815701007843,0,0,34.82063674926758,0,1
B58,mixamorig_LeftToeBase,57,0.9989320039749146,0.006600833497941494,-0.04573197290301323,0,0.022677846252918243,0.792299747467041,0.609710156917572,0,0.04025811329483986,-0.6100961565971375,0.7913037538528442,0,0,19.623472213745117,0,1
B59,mixamorig_LeftToe_End,58,1,0,0,0,0,1,0,0,0,0,1,0,0,7.278189182281494,0,1
B60,mixamorig_RightUpLeg,0,-0.9833017587661743,-0.027534276247024536,-0.17988747358322144,0,0.03973902761936188,-0.9971199035644531,-0.06459897756576538,0,-0.1775907725095749,-0.07066900283098221,0.9815634489059448,0,-9.28536605834961,-6.1014251708984375,0.4770109951496124,1
B61,mixamorig_RightLeg,60,0.9853525757789612,-0.020661847665905952,-0.16927215456962585,0,-0.00141272007022053,0.9916093349456787,-0.12926089763641357,0,0.1705223023891449,0.12760649621486664,0.977056086063385,0,0,41.300689697265625,0,1
B62,mixamorig_RightFoot,61,0.9954092502593994,0.041523560881614685,0.08623381704092026,0,-0.09554032981395721,0.484802782535553,0.8693890571594238,0,-0.005706127267330885,-0.8736372590065002,0.4865444302558899,0,0,34.738128662109375,0,1
B63,mixamorig_RightToeBase,62,0.9994140267372131,-0.009150249883532524,0.03298552706837654,0,-0.015218986198306084,0.7443591952323914,0.6676060557365417,0,-0.030662236735224724,-0.6677165031433105,0.7437835931777954,0,0,18.6695613861084,0,1
B64,mixamorig_RightToe_End,63,1,0,0,0,0,1,0,0,0,0,1,0,0,7.237664222717285,0,1
@52,0,1,2,3,4,5,7,8,9,10,11,12,13,15,16,17,19,20,21,23,24,25,27,28,29,31,32,33,34,35,36,37,39,40,41,43,44,45,47,48,49,51,52,53,55,56,57,58,60,61,62,63
K0.000,0.994047999382019,-0.0539029985666275,0.09466800093650818,0,0.059737998992204666,0.9964140057563782,-0.059925999492406845,0,-0.09109900146722794,0.06522399932146072,0.9937040209770203,0,0.251242995262146,92.8123550415039,-0.45090898871421814,1,0.998757004737854,0.04354900121688843,-0.024255000054836273,0,-0.04415399953722954,0.9987120032310486,-0.024995999410748482,0,0.023135000839829445,0.02603599987924099,0.9993929862976074,0,0,10.9697265625,-0.9216560125350952,1,0.9996150135993958,0.027566000819206238,-0.0030789999291300774,0,-0.02749899961054325,0.9994170069694519,0.020225999876856804,0,0.0036349999718368053,-0.02013299986720085,0.9997910261154175,0,0,12.843087196350098,0,1,0.9996110200881958,0.027658000588417053,-0.003469000104814768,0,-0.027583999559283257,0.9994239807128906,0.019785000011324883,0,0.004015000071376562,-0.01968199945986271,0.9997979998588562,0,0,14.67784595489502,0,1,0.9999679923057556,0.007555000018328428,0.0027920000720769167,0,-0.007935999892652035,0.9834510087966919,0.1809989959001541,0,-0.0013780000153928995,-0.1810149997472763,0.9834790229797363,0,0,16.512548446655273,-0.0000019999999949504854,1,0.9997109770774841,-0.0045540002174675465,-0.023615000769495964,0,0.0014059999957680702,0.9912949800491333,-0.1316560059785843,0,0.02400900050997734,0.13158400356769562,0.9910140037536621,0,0,7.061110973358154,2.298922061920166,1,0.2534649968147278,0.022704999893903732,-0.9670779705047607,0,0.8227090239524841,-0.5309200286865234,0.20316199958324432,0,-0.5088279843330383,-0.8471180200576782,-0.15324899554252625,0,6.916855812072754,14.057086944580078,-0.22194699943065643,1,0.9490560293197632,0.24141299724578857,-0.20251800119876862,0,0.01832200028002262,0.5993260145187378,0.8002949953079224,0,0.31457599997520447,-0.7632349729537964,0.5643709897994995,0,0,14.53177261352539,0,1,0.9996740221977234,0.02536500059068203,0.002810999983921647,0,-0.02537200041115284,0.999675989151001,0.002213000087067485,0,-0.0027540000155568123,-0.002283999929204583,0.9999939799308777,0,0,21.02666473388672,0,1,0.8733130097389221,-0.07731200009584427,0.48098599910736084,0,-0.010251999832689762,0.9841920137405396,0.17680899798870087,0,-0.48705199360847473,-0.1593399941921234,0.8587149977684021,0,0,30.838993072509766,0,1,0.8458210229873657,0.5154119729995728,-0.13761599361896515,0,-0.4489069879055023,0.8270310163497925,0.33838099241256714,0,0.2882179915904999,-0.22443300485610962,0.9308919906616211,0,-3.8466269969940186,2.902224063873291,1.2821040153503418,1,0.8713849782943726,-0.47382399439811707,-0.12720100581645966,0,0.4507859945297241,0.8756020069122314,-0.1735299974679947,0,0.19359999895095825,0.09387099742889404,0.9765790104866028,0,-0.21032099425792694,3.9834909439086914,0,1,0.9894030094146729,0.0159939993172884,0.1443140059709549,0,0.020304000005126,0.9689099788665771,-0.24657799303531647,0,-0.1437709927558899,0.24689500033855438,0.9583179950714111,0,0.06720300018787384,4.81280517578125,0,1,0.9924129843711853,0.12268199771642685,0.008077000267803669,0,-0.12292999774217606,0.9889979958534241,0.08228900283575058,0,0.0021069999784231186,-0.08265800029039383,0.9965760111808777,0,-4.320343017578125,10.638165473937988,-0.5628820061683655,1,0.9984660148620605,-0.05480799823999405,-0.00787500012665987,0,0.05467100068926811,0.9532909989356995,0.29706600308418274,0,-0.008775000460445881,-0.29704099893569946,0.9548239707946777,0,0.04093100130558014,4.426897048950195,0,1,0.9997119903564453,-0.02387700043618679,-0.002193999942392111,0,0.0239499993622303,0.9899809956550598,0.13915100693702698,0,-0.001151000033132732,-0.139164000749588,0.9902690052986145,0,-0.01534199994057417,4.056707859039307,0,1,0.9987459778785706,0.04618699848651886,0.01933700032532215,0,-0.04931500181555748,0.9742079973220825,0.22019800543785095,0,-0.008667999878525734,-0.22087499499320984,0.9752640128135681,0,-1.0824860334396362,10.618980407714844,-0.5399230122566223,1,0.9987319707870483,-0.04977500066161156,-0.007600000128149986,0,0.049782998859882355,0.9535009860992432,0.29725098609924316,0,-0.007548999972641468,-0.29725199937820435,0.9547690153121948,0,0.012101000174880028,4.506927013397217,0,1,0.9990140199661255,-0.0437530018389225,-0.007540999911725521,0,0.043907999992370605,0.9484440088272095,0.3138900101184845,0,-0.006581000052392483,-0.31391099095344543,0.9494289755821228,0,-0.012612000107765198,4.342446804046631,0,1,0.9989200234413147,0.012380000203847885,0.04478999972343445,0,-0.025717999786138535,0.950069010257721,0.3109799921512604,0,-0.038704000413417816,-0.3117949962615967,0.9493610262870789,0,1.6396340131759644,10.316095352172852,-0.4748550057411194,1,0.9978790283203125,-0.06404100358486176,-0.01168499980121851,0,0.06404100358486176,0.9335060119628906,0.3527959883213043,0,-0.01168499980121851,-0.3527959883213043,0.9356269836425781,0,-0.00002499999936844688,4.405697822570801,0,1,0.9984470009803772,-0.05505099892616272,-0.008555999957025051,0,0.05505099892616272,0.9513120055198669,0.303274005651474,0,-0.008555999957025051,-0.303274005651474,0.9528650045394897,0,0.000043000000005122274,4.156257152557373,0,1,0.9968400001525879,-0.050616998225450516,0.06122000142931938,0,0.021400999277830124,0.9133239984512329,0.4066700041294098,0,-0.07649800181388855,-0.4040749967098236,0.9115210175514221,0,3.763195037841797,8.758774757385254,-0.7164729833602905,1,0.9988909959793091,-0.04658300057053566,-0.006796000059694052,0,0.04652399942278862,0.954787015914917,0.29362601041793823,0,-0.007189000025391579,-0.29361701011657715,0.9558960199356079,0,-0.03194500133395195,4.531202793121338,0,1,0.996990978717804,-0.07694800198078156,-0.009383000433444977,0,0.07650899887084961,0.9573000073432922,0.2787899971008301,0,-0.012470000423491001,-0.27866899967193604,0.9603059887886047,0,0.04366699978709221,3.82686710357666,0,1,0.21928000450134277,-0.027187999337911606,0.9752830266952515,0,-0.8093050122261047,-0.563368022441864,0.16625599563121796,0,0.5449230074882507,-0.8257589936256409,-0.14553900063037872,0,-6.916855812072754,14.054476737976074,-0.19088199734687805,1,0.8751590251922607,-0.32301199436187744,0.3602209985256195,0,-0.02735999971628189,0.710282027721405,0.7033849954605103,0,-0.48306000232696533,-0.6254299879074097,0.6127719879150391,0,0,14.53177261352539,0,1,0.9932309985160828,-0.11611499637365341,-0.0030620000325143337,0,0.11614000052213669,0.993183970451355,0.0098879998549819,0,0.001892999978736043,-0.01017600018531084,0.9999459981918335,0,0,21.029888153076172,0,1,0.9520429968833923,0.12015099823474884,-0.28138500452041626,0,-0.06984300166368484,0.9807289838790894,0.18246200680732727,0,0.2978860139846802,-0.15405899286270142,0.9420880079269409,0,0,30.839492797851562,0,1,0.835112988948822,-0.5372200012207031,0.11823900043964386,0,0.469325989484787,0.807977020740509,0.35624000430107117,0,-0.28691399097442627,-0.2420080006122589,0.9268829822540283,0,3.766706943511963,2.8991711139678955,1.2779239416122437,1,0.8280310034751892,0.5528950095176697,0.09312299638986588,0,-0.5348759889602661,0.8287559747695923,-0.16453200578689575,0,-0.16814500093460083,0.08642800152301788,0.9819660186767578,0,0.2795270085334778,3.927687883377075,0,1,0.986437976360321,-0.10866700112819672,-0.12300699949264526,0,0.06441099941730499,0.9456149935722351,-0.3188459873199463,0,0.15096500515937805,0.3065989911556244,0.9397910237312317,0,0.1252029985189438,4.74579381942749,0,1,0.991104006767273,-0.13289399445056915,-0.007278999779373407,0,0.13303600251674652,0.9876000285148621,0.08335399627685547,0,-0.0038880000356584787,-0.08358100056648254,0.9964929819107056,0,4.246767997741699,10.747323989868164,-0.6026759743690491,1,0.9985120296478271,0.053902000188827515,0.00825599953532219,0,-0.053915999829769135,0.9532049894332886,0.29747700691223145,0,0.008165000006556511,-0.2974799871444702,0.9546930193901062,0,-0.0327179990708828,4.414041042327881,0,1,0.9999459981918335,0.010223000310361385,0.0015780000248923898,0,-0.010343000292778015,0.9901869893074036,0.13936400413513184,0,-0.00013699999544769526,-0.13937200605869293,0.9902399778366089,0,0.03248399868607521,4.060927867889404,0,1,0.9977980256080627,-0.06331100314855576,-0.019747000187635422,0,0.06611700356006622,0.9728469848632812,0.22180399298667908,0,0.005167999770492315,-0.22262200713157654,0.9748910069465637,0,1.161342978477478,10.571050643920898,-0.38728299736976624,1,0.9986569881439209,0.051242001354694366,0.007598999887704849,0,-0.051180001348257065,0.9532859921455383,0.29770299792289734,0,0.008011000230908394,-0.2976920008659363,0.9546279907226562,0,-0.02787099964916706,4.389588832855225,0,1,0.9990839958190918,0.042040999978780746,0.007933000102639198,0,-0.042403001338243484,0.9483569860458374,0.31435900926589966,0,0.005692000035196543,-0.31440699100494385,0.949271023273468,0,0.017653999850153923,4.420669078826904,0,1,0.9982939958572388,-0.024001000449061394,-0.05323199927806854,0,0.03949499875307083,0.9489949941635132,0.31280601024627686,0,0.04300900176167488,-0.31437501311302185,0.9483240246772766,0,-1.656322956085205,10.18344497680664,-0.5900470018386841,1,0.9979249835014343,0.06333799660205841,0.011544999666512012,0,-0.06333299726247787,0.9335139989852905,0.35290399193763733,0,0.011575000360608101,-0.35290300846099854,0.935588002204895,0,-0.000024000000848900527,4.605906963348389,0,1,0.9984610080718994,0.05480000004172325,0.008526000194251537,0,-0.054802000522613525,0.9512969851493835,0.30336400866508484,0,0.008514000102877617,-0.30336499214172363,0.9528359770774841,0,-0.0004970000009052455,4.152098178863525,0,1,0.9950529932975769,0.04395899921655655,-0.08908700197935104,0,-0.003727999981492758,0.9126600027084351,0.4087029993534088,0,0.0992719978094101,-0.4063490033149719,0.9083089828491211,0,-3.7517879009246826,9.005111694335938,-0.7624639868736267,1,0.9987249970436096,0.05003799870610237,0.0067170001566410065,0,-0.049814000725746155,0.9549819827079773,0.29245200753211975,0,0.008218999952077866,-0.29241299629211426,0.9562569856643677,0,0.016642000526189804,4.50438117980957,0,1,0.9951540231704712,0.09740900248289108,0.013392000459134579,0,-0.09729000180959702,0.9557759761810303,0.2775369882583618,0,0.014235000126063824,-0.27749499678611755,0.9606220126152039,0,-0.0613970011472702,3.6755199432373047,0,1,-0.9475809931755066,-0.15330900251865387,0.2803339958190918,0,0.1937589943408966,-0.9733539819717407,0.12263700366020203,0,0.2540630102157593,0.17052499949932098,0.9520360231399536,0,9.28536605834961,-6.1014251708984375,0.09842800348997116,1,0.9990699887275696,0.03236199915409088,0.02848600037395954,0,-0.02305999957025051,0.959388017654419,-0.28114598989486694,0,-0.03642699867486954,0.28022798895835876,0.9592419862747192,0,0,41.279937744140625,0,1,0.9871410131454468,-0.12546899914741516,-0.09904299676418304,0,0.14914600551128387,0.500029981136322,0.8530679941177368,0,-0.05750900134444237,-0.8568710088729858,0.5123140215873718,0,0,34.82063674926758,0,1,0.9989339709281921,0.006572000216692686,-0.04569999873638153,0,0.02266700007021427,0.7925159931182861,0.6094300150871277,0,0.04022299870848656,-0.6098160147666931,0.7915220260620117,0,0,19.623472213745117,0,1,-0.983614981174469,-0.029363999143242836,-0.17787200212478638,0,0.04084299877285957,-0.9972879886627197,-0.06122099980711937,0,-0.17559200525283813,-0.06748300045728683,0.9821469783782959,0,-9.28536605834961,-6.1014251708984375,0.4770109951496124,1,0.9854490160942078,-0.017828000709414482,-0.1690330058336258,0,-0.002463999902829528,0.9928810000419617,-0.11908099800348282,0,0.16995300352573395,0.11776500195264816,0.9783899784088135,0,0,41.300689697265625,0,1,0.9952430129051208,0.04235700145363808,0.08773499727249146,0,-0.09717199951410294,0.49636200070381165,0.8626599907875061,0,-0.007009000051766634,-0.8670809864997864,0.49811699986457825,0,0,34.738128662109375,0,1,0.9994120001792908,-0.00918199960142374,0.03302299976348877,0,-0.015232999809086323,0.7440890073776245,0.6679069995880127,0,-0.030704999342560768,-0.6680179834365845,0.7435110211372375,0,0,18.6695613861084,0,1
K0.033,0.9940500259399414,-0.053932998329401016,0.09463100135326385,0,0.059737998992204666,0.9964320063591003,-0.059616997838020325,0,-0.09107799828052521,0.06491599977016449,0.9937260150909424,0,0.2520579993724823,92.81317901611328,-0.44916293025016785,1,0.9987599849700928,0.04351000115275383,-0.024173997342586517,0,-0.04411400109529495,0.9987120032310486,-0.025057001039385796,0,0.023052997887134552,0.026093002408742905,0.9993939995765686,0,0,10.9697265625,-0.9216560125350952,1,0.9996160268783569,0.02755199931561947,-0.0030469989869743586,0,-0.02748499996960163,0.9994180202484131,0.02020600065588951,0,0.003601999022066593,-0.020114000886678696,0.9997910261154175,0,0,12.843087196350098,0,1,0.9996119737625122,0.027643999084830284,-0.003436999162659049,0,-0.027571000158786774,0.9994239807128906,0.01976500079035759,0,0.00398199912160635,-0.019663000479340553,0.9997990131378174,0,0,14.67784595489502,0,1,0.9999669790267944,0.007573000621050596,0.00279000005684793,0,-0.007952000014483929,0.9834499955177307,0.18100599944591522,0,-0.0013729998609051108,-0.18102200329303741,0.9834780097007751,0,0,16.512548446655273,-0.0000019999999949504854,1,0.9997109770774841,-0.004584000911563635,-0.023612000048160553,0,0.0014370008138939738,0.9913010001182556,-0.13161000609397888,0,0.024010000750422478,0.1315380036830902,0.9910200238227844,0,0,7.061110973358154,2.298922061920166,1,0.2535479962825775,0.022698000073432922,-0.9670559763908386,0,0.822746992111206,-0.5308250188827515,0.20325300097465515,0,-0.5087249875068665,-0.8471770286560059,-0.15326400101184845,0,6.916855812072754,14.057086944580078,-0.22194699943065643,1,0.9490000009536743,0.24147599935531616,-0.2027049958705902,0,0.01846400462090969,0.5992689728736877,0.8003339767456055,0,0.314736008644104,-0.763260006904602,0.5642480254173279,0,0,14.53177261352539,0,1,0.999675989151001,0.02531599812209606,0.002810999983921647,0,-0.02532299794256687,0.9996770024299622,0.0022090000566095114,0,-0.0027540000155568123,-0.002279999665915966,0.9999939799308777,0,0,21.02666473388672,0,1,0.8733279705047607,-0.07741399854421616,0.4809409976005554,0,-0.010150996968150139,0.984184980392456,0.1768520027399063,0,-0.48702600598335266,-0.1593320071697235,0.8587309718132019,0,0,30.838993072509766,0,1,0.8458210229873657,0.5154119729995728,-0.13761599361896515,0,-0.4489069879055023,0.8270310163497925,0.33838099241256714,0,0.2882179915904999,-0.22443200647830963,0.9308919906616211,0,-3.8466269969940186,2.902224063873291,1.2821040153503418,1,0.8713840246200562,-0.47382399439811707,-0.12720100581645966,0,0.4507859945297241,0.8756020069122314,-0.1735299974679947,0,0.19359999895095825,0.09387099742889404,0.9765790104866028,0,-0.21032099425792694,3.9834909439086914,0,1,0.9894030094146729,0.0159939993172884,0.1443140059709549,0,0.020302999764680862,0.9689099788665771,-0.24657699465751648,0,-0.1437709927558899,0.2468940019607544,0.9583179950714111,0,0.06720300018787384,4.81280517578125,0,1,0.9924129843711853,0.12268300354480743,0.008077000267803669,0,-0.12292999774217606,0.9889979958534241,0.08228900283575058,0,0.0021069999784231186,-0.08265800029039383,0.9965760111808777,0,-4.320343017578125,10.638165473937988,-0.5628820061683655,1,0.9984660148620605,-0.05480799823999405,-0.00787500012665987,0,0.05467100068926811,0.9532909989356995,0.29706600308418274,0,-0.008774000220000744,-0.2970399856567383,0.9548249840736389,0,0.04093100130558014,4.426897048950195,0,1,0.9997119903564453,-0.023878000676631927,-0.002193999942392111,0,0.023950999602675438,0.9899809956550598,0.13915200531482697,0,-0.0011500000255182385,-0.139164000749588,0.9902690052986145,0,-0.01534199994057417,4.056707859039307,0,1,0.9987459778785706,0.04618699848651886,0.01933700032532215,0,-0.04931500181555748,0.9742079973220825,0.22019800543785095,0,-0.008667999878525734,-0.22087499499320984,0.9752640128135681,0,-1.0824860334396362,10.618980407714844,-0.5399230122566223,1,0.9987319707870483,-0.04977500066161156,-0.007600000128149986,0,0.049782998859882355,0.9535009860992432,0.29725098609924316,0,-0.007548999972641468,-0.29725199937820435,0.9547690153121948,0,0.012101000174880028,4.506927013397217,0,1,0.9990140199661255,-0.0437530018389225,-0.007542000152170658,0,0.043907999992370605,0.9484440088272095,0.3138900101184845,0,-0.006581000052392483,-0.31391099095344543,0.949429988861084,0,-0.012612000107765198,4.342446804046631,0,1,0.9989200234413147,0.012380000203847885,0.04478999972343445,0,-0.025717999786138535,0.950069010257721,0.3109790086746216,0,-0.038704000413417816,-0.3117949962615967,0.9493610262870789,0,1.6396340131759644,10.316095352172852,-0.4748550057411194,1,0.9978790283203125,-0.06404100358486176,-0.01168499980121851,0,0.06404100358486176,0.9335060119628906,0.3527970016002655,0,-0.01168499980121851,-0.3527970016002655,0.9356269836425781,0,-0.00002499999936844688,4.405697822570801,0,1,0.9984470009803772,-0.05505099892616272,-0.008555999957025051,0,0.05505099892616272,0.9513120055198669,0.303274005651474,0,-0.008555999957025051,-0.303274005651474,0.9528650045394897,0,0.000043000000005122274,4.156257152557373,0,1,0.9968400001525879,-0.050616998225450516,0.06122000142931938,0,0.021400999277830124,0.9133239984512329,0.4066700041294098,0,-0.07649800181388855,-0.4040749967098236,0.9115219712257385,0,3.763195037841797,8.758774757385254,-0.7164729833602905,1,0.9988909959793091,-0.04658300057053566,-0.006796000059694052,0,0.04652399942278862,0.954787015914917,0.29362601041793823,0,-0.007189000025391579,-0.29361701011657715,0.9558960199356079,0,-0.03194500133395195,4.531202793121338,0,1,0.996990978717804,-0.07694800198078156,-0.009383000433444977,0,0.07650800049304962,0.9573000073432922,0.2787890136241913,0,-0.012470000423491001,-0.27866798639297485,0.9603059887886047,0,0.04366699978709221,3.82686710357666,0,1,0.21935699880123138,-0.027184000238776207,0.9752659797668457,0,-0.8093870282173157,-0.5632240176200867,0.16634899377822876,0,0.5447710156440735,-0.8258569836616516,-0.14554999768733978,0,-6.916855812072754,14.054476737976074,-0.19088199734687805,1,0.8751279711723328,-0.3230229914188385,0.36028701066970825,0,-0.027363000437617302,0.7103369832038879,0.7033299803733826,0,-0.483117014169693,-0.625361979007721,0.6127970218658447,0,0,14.53177261352539,0,1,0.9932389855384827,-0.11604700237512589,-0.0030620000325143337,0,0.11607199907302856,0.9931920170783997,0.009882000274956226,0,0.0018939999863505363,-0.01017099991440773,0.9999459981918335,0,0,21.029888153076172,0,1,0.9520829916000366,0.12016600370407104,-0.2812429964542389,0,-0.06987299770116806,0.9807209968566895,0.18249300122261047,0,0.2977510094642639,-0.15409700572490692,0.9421250224113464,0,0,30.839492797851562,0,1,0.835112988948822,-0.5372200012207031,0.11823900043964386,0,0.469325989484787,0.807977020740509,0.35624000430107117,0,-0.28691399097442627,-0.2420080006122589,0.9268829822540283,0,3.766706943511963,2.8991711139678955,1.2779239416122437,1,0.8280310034751892,0.5528950095176697,0.09312299638986588,0,-0.5348759889602661,0.8287559747695923,-0.16453200578689575,0,-0.16814500093460083,0.08642800152301788,0.9819660186767578,0,0.2795270085334778,3.927687883377075,0,1,0.986437976360321,-0.10866700112819672,-0.12300699949264526,0,0.06441099941730499,0.9456149935722351,-0.3188459873199463,0,0.15096500515937805,0.3065989911556244,0.9397910237312317,0,0.1252029985189438,4.74579381942749,0,1,0.991104006767273,-0.13289399445056915,-0.007278999779373407,0,0.13303600251674652,0.9876000285148621,0.08335399627685547,0,-0.003889000043272972,-0.08358000218868256,0.9964929819107056,0,4.246767997741699,10.747323989868164,-0.6026759743690491,1,0.9985120296478271,0.053902000188827515,0.00825599953532219,0,-0.053915999829769135,0.9532060027122498,0.29747700691223145,0,0.008165000006556511,-0.2974790036678314,0.9546930193901062,0,-0.0327179990708828,4.414041042327881,0,1,0.9999459981918335,0.010223000310361385,0.0015770000172778964,0,-0.010343999601900578,0.9901869893074036,0.13936400413513184,0,-0.00013699999544769526,-0.13937200605869293,0.9902399778366089,0,0.03248399868607521,4.060927867889404,0,1,0.9977980256080627,-0.06331100314855576,-0.01974800042808056,0,0.06611700356006622,0.9728469848632812,0.22180399298667908,0,0.005169000010937452,-0.22262200713157654,0.9748910069465637,0,1.161342978477478,10.571050643920898,-0.38728299736976624,1,0.9986569881439209,0.051242999732494354,0.007600000128149986,0,-0.051180001348257065,0.9532859921455383,0.29770299792289734,0,0.008009999990463257,-0.2976920008659363,0.9546279907226562,0,-0.02787099964916706,4.389588832855225,0,1,0.9990839958190918,0.042040999978780746,0.007933000102639198,0,-0.042403001338243484,0.9483569860458374,0.31435900926589966,0,0.005692000035196543,-0.31440800428390503,0.949271023273468,0,0.017653999850153923,4.420669078826904,0,1,0.9982939958572388,-0.024001000449061394,-0.053231000900268555,0,0.03949499875307083,0.9489960074424744,0.31280601024627686,0,0.04300900176167488,-0.31437399983406067,0.9483240246772766,0,-1.656322956085205,10.18344497680664,-0.5900470018386841,1,0.9979249835014343,0.06333799660205841,0.01154400035738945,0,-0.06333299726247787,0.9335139989852905,0.35290399193763733,0,0.011575999669730663,-0.35290300846099854,0.935588002204895,0,-0.000024000000848900527,4.605906963348389,0,1,0.9984610080718994,0.05480000004172325,0.008526000194251537,0,-0.054802000522613525,0.9512969851493835,0.30336499214172363,0,0.008514000102877617,-0.30336499214172363,0.9528359770774841,0,-0.0004970000009052455,4.152098178863525,0,1,0.9950529932975769,0.04395899921655655,-0.08908700197935104,0,-0.003727999981492758,0.9126600027084351,0.4087029993534088,0,0.09927300363779068,-0.4063490033149719,0.9083089828491211,0,-3.7517879009246826,9.005111694335938,-0.7624639868736267,1,0.9987249970436096,0.05003799870610237,0.0067170001566410065,0,-0.04981299862265587,0.9549819827079773,0.29245200753211975,0,0.008218999952077866,-0.29241299629211426,0.9562569856643677,0,0.016642000526189804,4.50438117980957,0,1,0.9951540231704712,0.09740900248289108,0.013392000459134579,0,-0.09729000180959702,0.9557759761810303,0.2775369882583618,0,0.014235000126063824,-0.27749499678611755,0.9606220126152039,0,-0.0613970011472702,3.6755199432373047,0,1,-0.9476379752159119,-0.1532520055770874,0.2801699936389923,0,0.19376599788665771,-0.9733080267906189,0.12299100309610367,0,0.2538430094718933,0.17083899676799774,0.9520390033721924,0,9.28536605834961,-6.1014251708984375,0.09842800348997116,1,0.9990670084953308,0.03238900005817413,0.028567001223564148,0,-0.023060999810695648,0.9593729972839355,-0.28119799494743347,0,-0.036514002829790115,0.2802770137786865,0.9592239856719971,0,0,41.279937744140625,0,1,0.9871399998664856,-0.1254819929599762,-0.09904000163078308,0,0.14915500581264496,0.5000960230827332,0.8530279994010925,0,-0.057509999722242355,-0.8568310141563416,0.5123810172080994,0,0,34.82063674926758,0,1,0.9989330172538757,0.006579000037163496,-0.04570699855685234,0,0.022669000551104546,0.7924669981002808,0.6094930171966553,0,0.04023100063204765,-0.6098790168762207,0.7914720177650452,0,0,19.623472213745117,0,1,-0.9836239814758301,-0.02944299951195717,-0.17780999839305878,0,0.0408950001001358,-0.997294008731842,-0.061087001115083694,0,-0.17553000152111053,-0.06735800206661224,0.9821670055389404,0,-9.28536605834961,-6.1014251708984375,0.4770109951496124,1,0.985450029373169,-0.017765000462532043,-0.1690330058336258,0,-0.002460999647155404,0.9929270148277283,-0.11869899183511734,0,0.16994599997997284,0.11738799512386322,0.9784370064735413,0,0,41.300689697265625,0,1,0.995248019695282,0.04235700145363808,0.08767899870872498,0,-0.09712199866771698,0.4965429902076721,0.8625609874725342,0,-0.007000999990850687,-0.8669779896736145,0.4982979893684387,0,0,34.738128662109375,0,1,0.999413013458252,-0.00917499978095293,0.03301500156521797,0,-0.015230000019073486,0.7441490292549133,0.6678400039672852,0,-0.030695000663399696,-0.6679499745368958,0.743573009967804,0,0,18.6695613861084,0,1
