10.267,30,308,65
B0,mixamorig_Hips,-1,0.9976767301559448,-0.0674639567732811,0.009466598741710186,0,0.06811617314815521,0.9855690002441406,-0.15496547520160675,0,0.001124756527133286,0.1552504599094391,0.9878742098808289,0,-3.969947099685669,90.78802490234375,-1.5069245100021362,1
B1,mixamorig_Spine,0,0.9827947020530701,0.18468989431858063,-0.002161885378882289,0,-0.1846078336238861,0.982598066329956,0.020505590364336967,0,0.005911606829613447,-0.01975417323410511,0.9997872710227966,0,0,10.96969985961914,-0.9217000007629395,1
B2,mixamorig_Spine1,1,0.9994998574256897,-0.031163668259978294,-0.005289431195706129,0,0.031186668202280998,0.9995038509368896,0.004411180503666401,0,0.0051494925282895565,-0.004574180580675602,0.9999760389328003,0,0,12.843099594116211,0,1
B3,mixamorig_Spine2,2,0.9994998574256897,-0.03124166838824749,-0.004817369859665632,0,0.03126266598701477,0.9995008707046509,0.004501180723309517,0,0.004674492869526148,-0.004650180693715811,0.9999780058860779,0,0,14.677800178527832,0,1
B4,mixamorig_Neck,3,0.9984318614006042,0.021632051095366478,0.051639530807733536,0,-0.028875572606921196,0.9891676902770996,0.14392215013504028,0,-0.04796605557203293,-0.145187109708786,0.9882407784461975,0,0,16.512500762939453,0,1
B5,mixamorig_Head,4,0.9729554653167725,-0.1708422303199768,0.1554676741361618,0,0.1748882681131363,0.9845067858695984,-0.012627591378986835,0,-0.15090151131153107,0.03947499394416809,0.9877600073814392,0,0,7.061100006103516,2.2988998889923096,1
B6,mixamorig_HeadTop_End,5,1,0,0,0,0,1,0,0,0,0,1,0,0,18.930400848388672,6.163300037384033,1
B7,mixamorig_LeftShoulder,3,0.21009953320026398,0.016971824690699577,-0.9775323867797852,0,0.8767253160476685,-0.44575992226600647,0.1806943267583847,0,-0.43267783522605896,-0.8949912786483765,-0.10853376984596252,0,6.916900157928467,14.057100296020508,-0.22190000116825104,1
B8,mixamorig_LeftArm,7,0.9417220950126648,0.2562215030193329,-0.21796675026416779,0,0.005050282925367355,0.6371133923530579,0.7707536220550537,0,0.33635395765304565,-0.7269362211227417,0.5986900329589844,0,0,14.531800270080566,0,1
B9,mixamorig_LeftForeArm,8,0.9892516136169434,0.14617522060871124,0.0038530000019818544,0,-0.14621227979660034,0.9891707301139832,0.012746184132993221,0,-0.0019480000482872128,-0.013172184117138386,0.9999110102653503,0,0,21.02669906616211,0,1
B10,mixamorig_LeftHand,9,0.8503930568695068,-0.035294387489557266,-0.5249632000923157,0,0.03864975646138191,0.9992426633834839,-0.0045720613561570644,0,0.5247262716293335,-0.016401618719100952,0.8511126637458801,0,0,30.839000701904297,0,1
B11,mixamorig_LeftHandThumb1,10,0.9046353101730347,0.3941006660461426,-0.16223032772541046,0,-0.3382812440395355,0.8955257534980774,0.28913459181785583,0,0.2592298090457916,-0.2066822648048401,0.9434412121772766,0,-3.84660005569458,2.9021999835968018,1.282099962234497,1
B12,mixamorig_LeftHandThumb2,11,0.9977459907531738,0.06682399660348892,-0.006138999946415424,0,-0.0666389986872673,0.997422993183136,0.026579000055789948,0,0.007899999618530273,-0.026110000908374786,0.9996280074119568,0,-0.2102999985218048,3.9835000038146973,0,1
B13,mixamorig_LeftHandThumb3,12,0.9953441619873047,0.09568680077791214,-0.011607813648879528,0,-0.09634654968976974,0.9912084937095642,-0.09068252891302109,0,0.00282824644818902,0.09137903898954391,0.9958123564720154,0,0.06719999760389328,4.81279993057251,0,1
B14,mixamorig_LeftHandThumb4,13,1,0,0,0,0,1,0,0,0,0,1,0,0.14309999346733093,4.133600234985352,0,1
B15,mixamorig_LeftHandIndex1,10,0.9866650104522705,0.16198918223381042,0.015872254967689514,0,-0.16276392340660095,0.9816614389419556,0.09923772513866425,0,0.0004941715160384774,-0.10049746185541153,0.9949372410774231,0,-4.320300102233887,10.638199806213379,-0.5629000067710876,1
B16,mixamorig_LeftHandIndex2,15,0.9997040033340454,-0.024315183982253075,-0.0010390615789219737,0,0.024328123778104782,0.9971898794174194,0.07085710763931274,0,-0.0006860615685582161,-0.07086116820573807,0.9974859356880188,0,0.04089999943971634,4.4268999099731445,0,1
B17,mixamorig_LeftHandIndex3,16,0.9997270107269287,-0.02330787666141987,-0.001804938423447311,0,0.02335587702691555,0.9925631284713745,0.11947020143270493,0,-0.0009939384181052446,-0.11947926133871078,0.9928361177444458,0,-0.015300000086426735,4.056700229644775,0,1
B18,mixamorig_LeftHandIndex4,17,1,0,0,0,0,1,0,0,0,0,1,0,-0.025599999353289604,3.1916000843048096,0,1
B19,mixamorig_LeftHandMiddle1,10,0.9952268004417419,0.09604170173406601,0.0173075869679451,0,-0.0972091406583786,0.9912739992141724,0.08902447670698166,0,-0.008606459945440292,-0.09028172492980957,0.995879054069519,0,-1.0824999809265137,10.619000434875488,-0.539900004863739,1
B20,mixamorig_LeftHandMiddle2,19,0.9987039566040039,-0.05042135715484619,-0.0069164312444627285,0,0.05042829364538193,0.9620247483253479,0.2682621479034424,0,-0.006872369907796383,-0.2682640850543976,0.963320791721344,0,0.01209999993443489,4.506899833679199,0,1
B21,mixamorig_LeftHandMiddle3,20,0.9987401366233826,-0.04946428909897804,-0.00845013651996851,0,0.049619223922491074,0.9483095407485962,0.3134446144104004,0,-0.007491136435419321,-0.31346866488456726,0.9495684504508972,0,-0.012600000016391277,4.342400074005127,0,1
B22,mixamorig_LeftHandMiddle4,21,1,0,0,0,0,1,0,0,0,0,1,0,0.0005000000237487257,3.4516000747680664,0,1
B23,mixamorig_LeftHandRing1,10,0.999187707901001,0.01569584384560585,0.037109848111867905,0,-0.021946657449007034,0.9844013452529907,0.17456339299678802,0,-0.03379138559103012,-0.17523594200611115,0.9839466214179993,0,1.6396000385284424,10.316100120544434,-0.4749000072479248,1
B24,mixamorig_LeftHandRing2,23,0.9936586022377014,-0.10788601636886597,-0.031682971864938736,0,0.10788601636886597,0.8353668451309204,0.5390012264251709,0,-0.03168391063809395,-0.5390012264251709,0.8417091369628906,0,0,4.405700206756592,0,1
B25,mixamorig_LeftHandRing3,24,0.9898300170898438,-0.1328691840171814,-0.050808120518922806,0,0.1328691840171814,0.7359932065010071,0.6638227701187134,0,-0.05080718174576759,-0.6638227701187134,0.7461622953414917,0,0,4.156300067901611,0,1
B26,mixamorig_LeftHandRing4,25,1,0,0,0,0,1,0,0,0,0,1,0,0,3.3340001106262207,0,1
B27,mixamorig_LeftHandPinky1,10,0.987967848777771,-0.15296854078769684,0.022789698094129562,0,0.1414443403482437,0.9532979130744934,0.26686322689056396,0,-0.06254741549491882,-0.2604287266731262,0.9634648561477661,0,3.763200044631958,8.75879955291748,-0.7164999842643738,1
B28,mixamorig_LeftHandPinky2,27,0.9907836318016052,-0.10410846769809723,-0.08665294200181961,0,0.1316598653793335,0.5898873805999756,0.7966798543930054,0,-0.03182515501976013,-0.8007463812828064,0.5981575846672058,0,-0.03189999982714653,4.531199932098389,0,1
B29,mixamorig_LeftHandPinky3,28,0.9653419852256775,-0.22386600077152252,-0.13416293263435364,0,0.21947799623012543,0.41816022992134094,0.8814599514007568,0,-0.14122693240642548,-0.8803558945655823,0.4528012275695801,0,0.043699998408555984,3.826900005340576,0,1
B30,mixamorig_LeftHandPinky4,29,1,0,0,0,0,1,0,0,0,0,1,0,-0.011699999682605267,2.7146999835968018,0,1
B31,mixamorig_RightShoulder,3,-0.07232750207185745,-0.033067770302295685,0.9968324303627014,0,-0.7763301134109497,-0.6255956292152405,-0.0770816057920456,0,0.6261625289916992,-0.7794467210769653,0.019576020538806915,0,-6.916900157928467,14.054499626159668,-0.19089999794960022,1
B32,mixamorig_RightArm,31,0.8894029259681702,-0.3017801344394684,0.34335339069366455,0,0.0436515174806118,0.8037524819374084,0.593359649181366,0,-0.455035537481308,-0.512748122215271,0.7280334234237671,0,0,14.531800270080566,0,1
B33,mixamorig_RightForeArm,32,0.9757177829742432,-0.21897028386592865,-0.005157431121915579,0,0.21902835369110107,0.9755417108535767,0.018579909577965736,0,0.0009625688544474542,-0.019258031621575356,0.9998139142990112,0,0,21.02989959716797,0,1
B34,mixamorig_RightHand,33,0.973168134689331,-0.06039184704422951,0.22202958166599274,0,0.020145710557699203,0.9835993051528931,0.17923696339130402,0,-0.22921310365200043,-0.1699547916650772,0.9584238529205322,0,0,30.839500427246094,0,1
B35,mixamorig_RightHandThumb1,34,0.9239597916603088,-0.3386845290660858,0.17773596942424774,0,0.2752043604850769,0.9113786816596985,0.30602654814720154,0,-0.26563191413879395,-0.2338421493768692,0.9352848529815674,0,3.766700029373169,2.899199962615967,1.277899980545044,1
B36,mixamorig_RightHandThumb2,35,0.9999620318412781,-0.00870396289974451,0.0002258586755488068,0,0.008688208647072315,0.9991971254348755,0.039108872413635254,0,-0.0005659311427734792,-0.039104994386434555,0.9992350935935974,0,0.27950000762939453,3.9277000427246094,0,1
B37,mixamorig_RightHandThumb3,36,0.9905824661254883,-0.13685517013072968,0.0041573368944227695,0,0.13689608871936798,0.9894166588783264,-0.0481024906039238,0,0.002469615777954459,0.04821930453181267,0.9988341331481934,0,0.12520000338554382,4.745800018310547,0,1
B38,mixamorig_RightHandThumb4,37,1,0,0,0,0,1,0,0,0,0,1,0,-0.40470001101493835,4.166999816894531,0,1
B39,mixamorig_RightHandIndex1,34,0.9912206530570984,-0.13173487782478333,-0.011324739083647728,0,0.1322159469127655,0.9882562160491943,0.07660415768623352,0,0.0010999173391610384,-0.0774289146065712,0.9969975352287292,0,4.246799945831299,10.747300148010254,-0.6026999950408936,1
B40,mixamorig_RightHandIndex2,39,0.9970834255218506,0.07507888227701187,0.01369047537446022,0,-0.0751018226146698,0.9333914518356323,0.3509099781513214,0,0.013567598536610603,-0.35091403126716614,0.9363080263137817,0,-0.03269999846816063,4.414000034332275,0,1
B41,mixamorig_RightHandIndex3,40,0.9998109340667725,0.01928200013935566,0.0024846717715263367,0,-0.019431568682193756,0.9870926737785339,0.15896426141262054,0,0.0006128271925263107,-0.15898220241069794,0.9872807264328003,0,0.032499998807907104,4.0609002113342285,0,1
B42,mixamorig_RightHandIndex4,41,1,0,0,0,0,1,0,0,0,0,1,0,0.00019999999494757503,3.2941999435424805,0,1
B43,mixamorig_RightHandMiddle1,34,0.9980754852294922,-0.06093548238277435,-0.011485366150736809,0,0.06192060559988022,0.9892821907997131,0.1322333812713623,0,0.003305065678432584,-0.13268989324569702,0.991151750087738,0,1.1612999439239502,10.571100234985352,-0.3873000144958496,1
B44,mixamorig_RightHandMiddle2,43,0.996216893196106,0.08494933694601059,0.018323974683880806,0,-0.08479452133178711,0.9040258526802063,0.4189818799495697,0,0.01902754418551922,-0.4189508855342865,0.9078089594841003,0,-0.027899999171495438,4.389599800109863,0,1
B45,mixamorig_RightHandMiddle3,44,0.9970443844795227,0.07574797421693802,-0.012803725898265839,0,-0.06555439531803131,0.9258044362068176,0.3722745180130005,0,0.04005322977900505,-0.3703356385231018,0.9280335307121277,0,0.01769999973475933,4.4207000732421875,0,1
B46,mixamorig_RightHandMiddle4,45,1,0,0,0,0,1,0,0,0,0,1,0,0.010200000368058681,3.6033999919891357,0,1
B47,mixamorig_RightHandRing1,34,0.9990031123161316,0.027358105406165123,-0.0352720208466053,0,-0.020460302010178566,0.982917308807373,0.18290656805038452,0,0.03967304900288582,-0.1820029467344284,0.9824968576431274,0,-1.6562999486923218,10.18340015411377,-0.5899999737739563,1
B48,mixamorig_RightHandRing2,47,0.9910885691642761,0.12697498500347137,0.0402551107108593,0,-0.12695692479610443,0.8089815378189087,0.5739607810974121,0,0.04031316936016083,-0.5739567875862122,0.8178929090499878,0,0,4.605899810791016,0,1
B49,mixamorig_RightHandRing3,48,0.9832383394241333,0.18174898624420166,0.014448126778006554,0,-0.14643403887748718,0.7400012016296387,0.6564717292785645,0,0.10862179100513458,-0.6475841999053955,0.75421142578125,0,-0.0005000000237487257,4.152100086212158,0,1
B50,mixamorig_RightHandRing4,49,1,0,0,0,0,1,0,0,0,0,1,0,0.0005000000237487257,3.47760009765625,0,1
B51,mixamorig_RightHandPinky1,34,0.9867134690284729,0.1594880074262619,-0.03097572736442089,0,-0.14035628736019135,0.9328126311302185,0.33190158009529114,0,0.08182980120182037,-0.32314395904541016,0.9428046941757202,0,-3.751800060272217,9.00510025024414,-0.762499988079071,1
B52,mixamorig_RightHandPinky2,51,0.9817625284194946,0.17766815423965454,0.06765235960483551,0,-0.1748659759759903,0.704288125038147,0.6880408525466919,0,0.07459667325019836,-0.6873227953910828,0.7225115895271301,0,0.016599999740719795,4.50439977645874,0,1
B53,mixamorig_RightHandPinky3,52,0.9672346711158752,0.2321946620941162,0.10268057137727737,0,-0.23154272139072418,0.6408547163009644,0.7319099307060242,0,0.10414257645606995,-0.7317039370536804,0.6736198663711548,0,-0.061400000005960464,3.67549991607666,0,1
B54,mixamorig_RightHandPinky4,53,1,0,0,0,0,1,0,0,0,0,1,0,0.04479999840259552,2.9488000869750977,0,1
B55,mixamorig_LeftUpLeg,0,-0.892102837562561,-0.28458070755004883,0.35095104575157166,0,0.32400035858154297,-0.9442840814590454,0.05788865685462952,0,0.31492432951927185,0.1653507947921753,0.9346029758453369,0,9.285400390625,-6.101399898529053,0.09839999675750732,1
B56,mixamorig_LeftLeg,55,0.9988096356391907,-0.025904502719640732,0.041327476501464844,0,0.04283531382679939,0.8710989952087402,-0.4892369210720062,0,-0.023327456787228584,0.49042436480522156,0.8711713552474976,0,0,41.27989959716797,0,1
B57,mixamorig_LeftFoot,56,0.986692488193512,-0.1379147469997406,-0.0861237570643425,0,0.1312864124774933,0.363269567489624,0.9223877787590027,0,-0.09592529386281967,-0.9214200973510742,0.3765420913696289,0,0,34.82059860229492,0,1
B58,mixamorig_LeftToeBase,57,0.999237060546875,0.0010138297220692039,-0.03904758393764496,0,0.020692631602287292,0.8341273665428162,0.551184356212616,0,0.033129461109638214,-0.5515713691711426,0.8334694504737854,0,0,19.62350082397461,0,1
B59,mixamorig_LeftToe_End,58,1,0,0,0,0,1,0,0,0,0,1,0,0,7.278200149536133,0,1
B60,mixamorig_RightUpLeg,0,-0.9833049774169922,-0.0526026226580143,0.174198180437088,0,0.05385573208332062,-0.9985457062721252,0.002470659324899316,0,0.1738148182630539,0.011810829862952232,0.9847072958946228,0,-9.285400390625,-6.101399898529053,0.47699999809265137,1
B61,mixamorig_RightLeg,60,0.9779118299484253,0.08595138043165207,-0.19052772223949432,0,-0.15839633345603943,0.8994954228401184,-0.40720707178115845,0,0.13637903332710266,0.42839157581329346,0.8932419419288635,0,0,41.30070114135742,0,1
B62,mixamorig_RightFoot,61,0.9345311522483826,0.055644627660512924,-0.35150349140167236,0,0.3147127032279968,0.3319174647331238,0.8892614841461182,0,0.16615255177021027,-0.9416658282279968,0.2926757335662842,0,0,34.73809814453125,0,1
B63,mixamorig_RightToeBase,62,0.999783992767334,0,0.02076300047338009,0,-0.01181699987500906,0.8222450017929077,0.5690109729766846,0,-0.017071999609470367,-0.569133996963501,0.8220679759979248,0,0,18.669599533081055,0,1
B64,mixamorig_RightToe_End,63,1,0,0,0,0,1,0,0,0,0,1,0,0,7.23769998550415,0,1
@52,0,1,2,3,4,5,7,8,9,10,11,12,13,15,16,17,19,20,21,23,24,25,27,28,29,31,32,33,34,35,36,37,39,40,41,43,44,45,47,48,49,51,52,53,55,56,57,58,60,61,62,63
K0.000,0.997672975063324,-0.0674939975142479,0.009631000459194183,0,0.06817000359296799,0.9854699969291687,-0.15556600689888,0,0.0010089999996125698,0.1558610051870346,0.9877790212631226,0,-3.977288007736206,90.80158233642578,-1.5449190139770508,1,0.9826279878616333,0.18556900322437286,-0.0026310000102967024,0,-0.185481995344162,0.9824479818344116,0.01982700079679489,0,0.006264000199735165,-0.018995000049471855,0.9998000264167786,0,0,10.96969985961914,-0.9217000007629395,1,0.9994829893112183,-0.0317079983651638,-0.005324000027030706,0,0.03172900155186653,0.9994890093803406,0.003994999919086695,0,0.005193999968469143,-0.004160999786108732,0.9999780058860779,0,0,12.843099594116211,0,1,0.9994829893112183,-0.031785998493433,-0.004852000158280134,0,0.03180599957704544,0.9994860291481018,0.004089000169187784,0,0.004718999844044447,-0.0042420001700520515,0.9999799728393555,0,0,14.677800178527832,0,1,0.9984400272369385,0.021755000576376915,0.05141400173306465,0,-0.028965000063180923,0.9891610145568848,0.14394700527191162,0,-0.047724999487400055,-0.14521199464797974,0.9882490038871765,0,0,16.512500762939453,0,1,0.9729880094528198,-0.17326000332832336,0.15255999565124512,0,0.17599600553512573,0.9843800067901611,-0.004513999912887812,0,-0.14939500391483307,0.031241999939084053,0.9882839918136597,0,0,7.061100006103516,2.2988998889923096,1,0.2092829942703247,0.01693500019609928,-0.9777079820632935,0,0.8766440153121948,-0.44623199105262756,0.1799210011959076,0,-0.4332379996776581,-0.8947569727897644,-0.10823500156402588,0,6.916900157928467,14.057100296020508,-0.22190000116825104,1,0.941772997379303,0.25551098585128784,-0.21858100593090057,0,0.005652000196278095,0.6379349827766418,0.7700700163841248,0,0.3362019956111908,-0.7264660000801086,0.5993450284004211,0,0,14.531800270080566,0,1,0.9892420172691345,0.14623600244522095,0.003854000009596348,0,-0.14627400040626526,0.989162027835846,0.012751000002026558,0,-0.0019470000406727195,-0.01317800022661686,0.9999110102653503,0,0,21.02669906616211,0,1,0.8509550094604492,-0.035360999405384064,-0.5240470170974731,0,0.03947199881076813,0.9992150068283081,-0.0033279999624937773,0,0.5237540006637573,-0.01785299926996231,0.8516830205917358,0,0,30.839000701904297,0,1,0.9043149948120117,0.3949959874153137,-0.1618420034646988,0,-0.33952298760414124,0.8953750133514404,0.2881450057029724,0,0.25872498750686646,-0.2056249976158142,0.9438109993934631,0,-3.84660005569458,2.9021999835968018,1.282099962234497,1,0.9977459907531738,0.06682399660348892,-0.006138999946415424,0,-0.0666389986872673,0.997422993183136,0.026579000055789948,0,0.007899000309407711,-0.026110000908374786,0.9996280074119568,0,-0.2102999985218048,3.9835000038146973,0,1,0.9953089952468872,0.09604299813508987,-0.011653999797999859,0,-0.09670600295066833,0.9911590218544006,-0.09084299951791763,0,0.0028260000981390476,0.0915440022945404,0.9957969784736633,0,0.06719999760389328,4.81279993057251,0,1,0.9862710237503052,0.16434800624847412,0.016070999205112457,0,-0.16513200104236603,0.9813500046730042,0.09840799868106842,0,0.0004020000051241368,-0.09971100091934204,0.9950159788131714,0,-4.320300102233887,10.638199806213379,-0.5629000067710876,1,0.9997040033340454,-0.024303000420331955,-0.0010379999876022339,0,0.0243149995803833,0.9971960186958313,0.07077399641275406,0,-0.0006849999772384763,-0.0707779973745346,0.9974920153617859,0,0.04089999943971634,4.4268999099731445,0,1,0.9997280240058899,-0.023269999772310257,-0.0017979999538511038,0,0.02331800013780594,0.9925919771194458,0.11923699826002121,0,-0.0009899999713525176,-0.1192459985613823,0.9928640127182007,0,-0.015300000086426735,4.056700229644775,0,1,0.9950799942016602,0.09753499925136566,0.017416000366210938,0,-0.09870400279760361,0.9911460280418396,0.08880800008773804,0,-0.00860000029206276,-0.09008999913930893,0.9958969950675964,0,-1.0824999809265137,10.619000434875488,-0.539900004863739,1,0.9987030029296875,-0.050439998507499695,-0.006922000087797642,0,0.05044599995017052,0.9619939923286438,0.26836898922920227,0,-0.006878000218421221,-0.26837098598480225,0.9632909893989563,0,0.01209999993443489,4.506899833679199,0,1,0.998740017414093,-0.04945800080895424,-0.008448000065982342,0,0.049612998962402344,0.9483209848403931,0.31341099739074707,0,-0.007488999981433153,-0.31343498826026917,0.9495800137519836,0,-0.012600000016391277,4.342400074005127,0,1,0.9991620182991028,0.01705300062894821,0.03721800073981285,0,-0.023226000368595123,0.9847649931907654,0.17233100533485413,0,-0.0337119996547699,-0.17305099964141846,0.9843360185623169,0,1.6396000385284424,10.316100120544434,-0.4749000072479248,1,0.9936410188674927,-0.10801699757575989,-0.03176800161600113,0,0.10801699757575989,0.8349260091781616,0.5396590232849121,0,-0.03176800161600113,-0.5396580100059509,0.8412839770317078,0,0,4.405700206756592,0,1,0.9897440075874329,-0.1333480030298233,-0.05124000087380409,0,0.1333480030298233,0.7337440252304077,0.6662110090255737,0,-0.05124000087380409,-0.6662110090255737,0.7440009713172913,0,0,4.156300067901611,0,1,0.9881790280342102,-0.1515350043773651,0.023233000189065933,0,0.1401659995317459,0.9544339776039124,0.2634570002555847,0,-0.062098000198602676,-0.25708600878715515,0.9643909931182861,0,3.763200044631958,8.75879955291748,-0.7164999842643738,1,0.9907010197639465,-0.10450000315904617,-0.08713400363922119,0,0.13219499588012695,0.5877230167388916,0.7981889843940735,0,-0.03220000118017197,-0.8022850155830383,0.5960720181465149,0,-0.03189999982714653,4.531199932098389,0,1,0.9650490283966064,-0.2244040071964264,-0.13536199927330017,0,0.21997900307178497,0.41290000081062317,0.8838120102882385,0,-0.14244000613689423,-0.8826979994773865,0.44783300161361694,0,0.043699998408555984,3.826900005340576,0,1,-0.07346399873495102,-0.03350599855184555,0.9967349767684937,0,-0.7747359871864319,-0.6274309754371643,-0.07819399982690811,0,0.6280030012130737,-0.7779510021209717,0.020135000348091125,0,-6.916900157928467,14.054499626159668,-0.19089999794960022,1,0.8894249796867371,-0.30170899629592896,0.34335801005363464,0,0.044314999133348465,0.8045780062675476,0.5921909809112549,0,-0.4549280107021332,-0.511493980884552,0.7289819717407227,0,0,14.531800270080566,0,1,0.9761890172958374,-0.21686199307441711,-0.005117999855428934,0,0.21692000329494476,0.9760159850120544,0.018400000408291817,0,0.0010049999691545963,-0.019071999937295914,0.9998180270195007,0,0,21.02989959716797,0,1,0.9733150005340576,-0.06149499863386154,0.2210800051689148,0,0.021518999710679054,0.9836379885673523,0.17886699736118317,0,-0.22846199572086334,-0.1693360060453415,0.9587129950523376,0,0,30.839500427246094,0,1,0.9220970273017883,-0.34459298849105835,0.17604799568653107,0,0.28095901012420654,0.9090399742126465,0.3077459931373596,0,-0.2660819888114929,-0.23431000113487244,0.9350399971008301,0,3.766700029373169,2.899199962615967,1.277899980545044,1,0.9999899864196777,0.004443999845534563,-0.0001049999991664663,0,-0.004435999784618616,0.999235987663269,0.038823001086711884,0,0.0002770000137388706,-0.0388219989836216,0.9992460012435913,0,0.27950000762939453,3.9277000427246094,0,1,0.9907060265541077,-0.1359580010175705,0.00406799977645278,0,0.1359959989786148,0.9895570278167725,-0.04776100069284439,0,0.0024679999332875013,0.047871001064777374,0.9988499879837036,0,0.12520000338554382,4.745800018310547,0,1,0.9915310144424438,-0.1293729990720749,-0.011377999559044838,0,0.1298689991235733,0.9883019924163818,0.07995200157165527,0,0.0009009999921545386,-0.08075299859046936,0.9967340230941772,0,4.246799945831299,10.747300148010254,-0.6026999950408936,1,0.9971809983253479,0.07386799901723862,0.013175000436604023,0,-0.07388900220394135,0.9361600279808044,0.34372299909591675,0,0.013055999763309956,-0.3437269926071167,0.9389790296554565,0,-0.03269999846816063,4.414000034332275,0,1,0.9998040199279785,0.019610999152064323,0.00253800000064075,0,-0.019764000549912453,0.9867749810218811,0.1608860045671463,0,0.0006510000093840063,-0.16090400516986847,0.9869700074195862,0,0.032499998807907104,4.0609002113342285,0,1,0.9982650279998779,-0.05785299837589264,-0.010937999933958054,0,0.05883299931883812,0.9873740077018738,0.1470790058374405,0,0.0022909999825060368,-0.1474670022726059,0.9890639781951904,0,1.1612999439239502,10.571100234985352,-0.3873000144958496,1,0.996159017086029,0.08556199818849564,0.018626000732183456,0,-0.08540400117635727,0.9023550152778625,0.42244699597358704,0,0.019338000565767288,-0.42241498827934265,0.9061959981918335,0,-0.027899999171495438,4.389599800109863,0,1,0.9970300197601318,0.07601200044155121,-0.01234699971973896,0,-0.06589599698781967,0.9250869750976562,0.37399399280548096,0,0.03985099866986275,-0.3720700144767761,0.9273489713668823,0,0.01769999973475933,4.4207000732421875,0,1,0.9989830255508423,0.030838999897241592,-0.03288400173187256,0,-0.023507999256253242,0.9787459969520569,0.2037229984998703,0,0.038467999547719955,-0.20274199545383453,0.9784759879112244,0,-1.6562999486923218,10.18340015411377,-0.5899999737739563,1,0.9908859729766846,0.12826000154018402,0.041172999888658524,0,-0.12824100255966187,0.8046309947967529,0.5797610282897949,0,0.04123099893331528,-0.5797569751739502,0.8137450218200684,0,0,4.605899810791016,0,1,0.9832779765129089,0.18154799938201904,0.014302999712526798,0,-0.14628799259662628,0.7406409978866577,0.6557819843292236,0,0.10846199840307236,-0.6469089984893799,0.7548149824142456,0,-0.0005000000237487257,4.152100086212158,0,1,0.9862520098686218,0.16349899768829346,-0.023973999544978142,0,-0.14402000606060028,0.9216009974479675,0.36042898893356323,0,0.08102399855852127,-0.3520210087299347,0.9324790239334106,0,-3.751800060272217,9.00510025024414,-0.762499988079071,1,0.9816250205039978,0.17823800444602966,0.06814700365066528,0,-0.17541399598121643,0.7022740244865417,0.6899570226669312,0,0.0751190036535263,-0.6892330050468445,0.7206349968910217,0,0.016599999740719795,4.50439977645874,0,1,0.9675400257110596,0.2313770055770874,0.1016400009393692,0,-0.23072999715805054,0.6446920037269592,0.7287899851799011,0,0.10309799760580063,-0.7285850048065186,0.6771510243415833,0,-0.061400000005960464,3.67549991607666,0,1,-0.892084002494812,-0.2848060131072998,0.3508169949054718,0,0.32385098934173584,-0.9444010257720947,0.05681400001049042,0,0.31512999534606934,0.1642950028181076,0.9347190260887146,0,9.285400390625,-6.101399898529053,0.09839999675750732,1,0.9988099932670593,-0.02597299963235855,0.04128799960017204,0,0.04282800108194351,0.8721060156822205,-0.48743799328804016,0,-0.023347999900579453,0.48862600326538086,0.8721809983253479,0,0,41.27989959716797,0,1,0.9866319894790649,-0.13844600319862366,-0.08596699684858322,0,0.1314840018749237,0.36461400985717773,0.9218289852142334,0,-0.09627799689769745,-0.9208089709281921,0.3779439926147461,0,0,34.82059860229492,0,1,0.999235987663269,0.0010270000202581286,-0.03906499966979027,0,0.02069699950516224,0.8340250253677368,0.5513389706611633,0,0.03314799815416336,-0.5517259836196899,0.8333659768104553,0,0,19.62350082397461,0,1,-0.9832890033721924,-0.05267399922013283,0.1742659956216812,0,0.05376100167632103,-0.9985529780387878,0.001521000056527555,0,0.1739339977502823,0.010863999836146832,0.9846969842910767,0,-9.285400390625,-6.101399898529053,0.47699999809265137,1,0.9780259728431702,0.08656899631023407,-0.1896589994430542,0,-0.15835200250148773,0.9001849889755249,-0.4056999981403351,0,0.13560700416564941,0.42681801319122314,0.8941119909286499,0,0,41.30070114135742,0,1,0.9346169829368591,0.05477600172162056,-0.3514130115509033,0,0.31468600034713745,0.3330419957637787,0.88885098695755,0,0.16572299599647522,-0.94132000207901,0.29402899742126465,0,0,34.73809814453125,0,1,0.999783992767334,0,0.02076300047338009,0,-0.01181699987500906,0.8222450017929077,0.5690109729766846,0,-0.017071999609470367,-0.569133996963501,0.8220679759979248,0,0,18.669599533081055,0,1
K0.033,0.9976620078086853,-0.06763599812984467,0.009768001735210419,0,0.06833299994468689,0.985522985458374,-0.15516400337219238,0,0.0008679982274770737,0.15546900033950806,0.9878399968147278,0,-3.9778850078582764,90.80097198486328,-1.5404188632965088,1,0.9826110005378723,0.1856590062379837,-0.002658999525010586,0,-0.18557199835777283,0.982433021068573,0.019714001566171646,0,0.006273000035434961,-0.01887800171971321,0.9998019933700562,0,0,10.96969985961914,-0.9217000007629395,1,0.9994850158691406,-0.03164999559521675,-0.005320999771356583,0,0.03167199715971947,0.9994900226593018,0.004069001413881779,0,0.00518900016322732,-0.004235001280903816,0.9999780058860779,0,0,12.843099594116211,0,1,0.9994850158691406,-0.03172899782657623,-0.0048489999026060104,0,0.031748995184898376,0.9994869828224182,0.004163001198321581,0,0.004714000038802624,-0.0043140011839568615,0.9999799728393555,0,0,14.677800178527832,0,1,0.9984380006790161,0.02171499840915203,0.05148499831557274,0,-0.02894499897956848,0.9891380071640015,0.1441120058298111,0,-0.04779699817299843,-0.1453769952058792,0.9882209897041321,0,0,16.512500762939453,0,1,0.9729869961738586,-0.17267799377441406,0.1532290130853653,0,0.17567500472068787,0.9844290018081665,-0.006131019908934832,0,-0.14978399872779846,0.03288402408361435,0.9881719946861267,0,0,7.061100006103516,2.2988998889923096,1,0.20995301008224487,0.016940999776124954,-0.9775649905204773,0,0.8765959739685059,-0.44607898592948914,0.18053801357746124,0,-0.4330120086669922,-0.8948330283164978,-0.10850600898265839,0,6.916900157928467,14.057100296020508,-0.22190000116825104,1,0.9419689774513245,0.2550260126590729,-0.21830099821090698,0,0.005826000589877367,0.6377720236778259,0.7702029943466187,0,0.3356490135192871,-0.7267789840698242,0.5992760062217712,0,0,14.531800270080566,0,1,0.9892420172691345,0.14623600244522095,0.0038530000019818544,0,-0.14627400040626526,0.989162027835846,0.012751000002026558,0,-0.0019470000406727195,-0.01317800022661686,0.9999110102653503,0,0,21.02669906616211,0,1,0.8505330085754395,-0.03440200537443161,-0.5247960090637207,0,0.03846599906682968,0.9992550015449524,-0.003162003355100751,0,0.5245130062103271,-0.017497995868325233,0.8512219786643982,0,0,30.839000701904297,0,1,0.9044849872589111,0.39458200335502625,-0.16189900040626526,0,-0.339480996131897,0.8958359956741333,0.28675901889801025,0,0.2581849992275238,-0.20440702140331268,0.9442239999771118,0,-3.84660005569458,2.9021999835968018,1.282099962234497,1,0.9977459907531738,0.06682399660348892,-0.006138999946415424,0,-0.0666389986872673,0.997422993183136,0.026579000055789948,0,0.007899999618530273,-0.026110000908374786,0.9996280074119568,0,-0.2102999985218048,3.9835000038146973,0,1,0.9952250123023987,0.09689099341630936,-0.011764999479055405,0,-0.09756199270486832,0.9910399913787842,-0.09122499823570251,0,0.0028210000600665808,0.09193699806928635,0.995760977268219,0,0.06719999760389328,4.81279993057251,0,1,0.9863839745521545,0.1636739820241928,0.016033999621868134,0,-0.16445697844028473,0.9814350008964539,0.09868400543928146,0,0.00041600040276534855,-0.09997700899839401,0.9949899911880493,0,-4.320300102233887,10.638199806213379,-0.5629000067710876,1,0.9997040033340454,-0.024303000420331955,-0.0010379999876022339,0,0.0243149995803833,0.9971960186958313,0.07077399641275406,0,-0.0006849999772384763,-0.0707779973745346,0.9974920153617859,0,0.04089999943971634,4.4268999099731445,0,1,0.9997270107269287,-0.023280000314116478,-0.0017999999690800905,0,0.02332800067961216,0.9925850033760071,0.11929500102996826,0,-0.000990999978967011,-0.11930400133132935,0.9928569793701172,0,-0.015300000086426735,4.056700229644775,0,1,0.9951220154762268,0.09710999578237534,0.01739400066435337,0,-0.09828099608421326,0.9911620020866394,0.08910100162029266,0,-0.008586999960243702,-0.09037599712610245,0.9958710074424744,0,-1.0824999809265137,10.619000434875488,-0.539900004863739,1,0.9987019896507263,-0.05045299977064133,-0.006926000118255615,0,0.05045900121331215,0.9619719982147217,0.26844799518585205,0,-0.006881000008434057,-0.26844900846481323,0.9632689952850342,0,0.01209999993443489,4.506899833679199,0,1,0.9987379908561707,-0.04949599876999855,-0.0084610003978014,0,0.049651000648736954,0.9482430219650269,0.31363898515701294,0,-0.007501000072807074,-0.3136639893054962,0.949504017829895,0,-0.012600000016391277,4.342400074005127,0,1,0.9991700053215027,0.016655996441841125,0.03716599941253662,0,-0.02286999672651291,0.9845470190048218,0.17361800372600555,0,-0.03370000049471855,-0.17432400584220886,0.9841110110282898,0,1.6396000385284424,10.316100120544434,-0.4749000072479248,1,0.9936379790306091,-0.10804200172424316,-0.03178400173783302,0,0.10804200172424316,0.8348410129547119,0.5397850275039673,0,-0.03178500011563301,-0.5397840142250061,0.841202974319458,0,0,4.405700206756592,0,1,0.989753007888794,-0.13329799473285675,-0.051194995641708374,0,0.13329799473285675,0.7339810132980347,0.6659610271453857,0,-0.051194995641708374,-0.6659610271453857,0.7442280054092407,0,0,4.156300067901611,0,1,0.9881160259246826,-0.15199899673461914,0.022877000272274017,0,0.14056499302387238,0.9537659883499146,0.2656559944152832,0,-0.062199000269174576,-0.25928300619125366,0.9637969732284546,0,3.763200044631958,8.75879955291748,-0.7164999842643738,1,0.9907079935073853,-0.10446300357580185,-0.08708900213241577,0,0.13214600086212158,0.587926983833313,0.7980470061302185,0,-0.03216499835252762,-0.8021399974822998,0.5962690114974976,0,-0.03189999982714653,4.531199932098389,0,1,0.9650819897651672,-0.22434400022029877,-0.1352269947528839,0,0.2199230045080185,0.41349104046821594,0.8835489749908447,0,-0.142303004860878,-0.882436990737915,0.44839102029800415,0,0.043699998408555984,3.826900005340576,0,1,-0.07326199859380722,-0.03338399901986122,0.996753990650177,0,-0.7751190066337585,-0.626986026763916,-0.07797099649906158,0,0.6275529861450195,-0.778315007686615,0.020057998597621918,0,-6.916900157928467,14.054499626159668,-0.19089999794960022,1,0.8891270160675049,-0.3016720116138458,0.3441630005836487,0,0.0437299944460392,0.8045629858970642,0.5922549962997437,0,-0.45556700229644775,-0.5115399956703186,0.7285500168800354,0,0,14.531800270080566,0,1,0.9758380055427551,-0.21843701601028442,-0.005146999843418598,0,0.21849501132965088,0.9756619930267334,0.018533999100327492,0,0.0009739998495206237,-0.019210999831557274,0.9998149871826172,0,0,21.02989959716797,0,1,0.9734640121459961,-0.060375992208719254,0.2207310050725937,0,0.020439989864826202,0.9836530089378357,0.17891299724578857,0,-0.22792400419712067,-0.1696529984474182,0.9587849974632263,0,0,30.839500427246094,0,1,0.9229320287704468,-0.3419879674911499,0.17674799263477325,0,0.2785559892654419,0.910181999206543,0.30655398964881897,0,-0.2657110095024109,-0.23369400203227997,0.9352989792823792,0,3.766700029373169,2.899199962615967,1.277899980545044,1,0.9999979734420776,-0.0020010333973914385,0.00005800083090434782,0,0.0019970331341028214,0.9992390275001526,0.03895999863743782,0,-0.00013600212696474046,-0.03895999863743782,0.9992409944534302,0,0.27950000762939453,3.9277000427246094,0,1,0.99064701795578,-0.13638900220394135,0.004104000516235828,0,0.13642799854278564,0.9894890189170837,-0.04793599992990494,0,0.0024770000018179417,0.048048000782728195,0.9988420009613037,0,0.12520000338554382,4.745800018310547,0,1,0.9913290143013,-0.13091100752353668,-0.011392000131309032,0,0.13140401244163513,0.9880689978599548,0.08032998442649841,0,0.0007400009781122208,-0.08112998306751251,0.996703028678894,0,4.246799945831299,10.747300148010254,-0.6026999950408936,1,0.9972649812698364,0.07279900461435318,0.01272900216281414,0,-0.07281900942325592,0.9385489821434021,0.33737602829933167,0,0.012614001519978046,-0.3373800218105316,0.9412840008735657,0,-0.03269999846816063,4.414000034332275,0,1,0.9998289942741394,0.018352998420596123,0.0023369998671114445,0,-0.018493998795747757,0.9879699945449829,0.15353898704051971,0,0.0005089998012408614,-0.1535559892654419,0.9881399869918823,0,0.032499998807907104,4.0609002113342285,0,1,0.9981880187988281,-0.05913601070642471,-0.011115001514554024,0,0.06012001261115074,0.9878010153770447,0.14364995062351227,0,0.0024840033147484064,-0.144057959318161,0.9895660281181335,0,1.1612999439239502,10.571100234985352,-0.3873000144958496,1,0.9962760210037231,0.08431500196456909,0.018014000728726387,0,-0.08416400104761124,0.9057369828224182,0.4153989851474762,0,0.018709000200033188,-0.415367990732193,0.9094610214233398,0,-0.027899999171495438,4.389599800109863,0,1,0.9970939755439758,0.07502199709415436,-0.013277001678943634,0,-0.06487999856472015,0.9274740219116211,0.36821499466896057,0,0.03993799909949303,-0.36628299951553345,0.9296460151672363,0,0.01769999973475933,4.4207000732421875,0,1,0.9989929795265198,0.029835989698767662,-0.033496007323265076,0,-0.022615991532802582,0.9798780083656311,0.19830994307994843,0,0.038739003241062164,-0.19735294580459595,0.9795669913291931,0,-1.6562999486923218,10.18340015411377,-0.5899999737739563,1,0.9910230040550232,0.12739500403404236,0.0405539944767952,0,-0.1273760050535202,0.8075659871101379,0.5758579969406128,0,0.04061199724674225,-0.5758540034294128,0.8165439963340759,0,0,4.605899810791016,0,1,0.9832850098609924,0.18157100677490234,0.013515999540686607,0,-0.14600199460983276,0.7419549822807312,0.654358983039856,0,0.10878399759531021,-0.6453949809074402,0.7560629844665527,0,-0.0005000000237487257,4.152100086212158,0,1,0.9863439798355103,0.16268198192119598,-0.025697020813822746,0,-0.1433289796113968,0.9247090816497803,0.3526609241962433,0,0.08113399893045425,-0.34416189789772034,0.9353980422019958,0,-3.751800060272217,9.00510025024414,-0.762499988079071,1,0.9816529750823975,0.17812199890613556,0.06804600358009338,0,-0.17530199885368347,0.7026849985122681,0.6895670294761658,0,0.07501199841499329,-0.6888440251350403,0.7210180163383484,0,0.016599999740719795,4.50439977645874,0,1,0.9674230217933655,0.23169100284576416,0.10203900188207626,0,-0.2310429960489273,0.643222987651825,0.7299889922142029,0,0.10349799692630768,-0.7297829985618591,0.6757990121841431,0,-0.061400000005960464,3.67549991607666,0,1,-0.8920350074768066,-0.2847990095615387,0.35094699263572693,0,0.32405298948287964,-0.9442980289459229,0.05736200511455536,0,0.3150619864463806,0.16489499807357788,0.9346370100975037,0,9.285400390625,-6.101399898529053,0.09839999675750732,1,0.9988070130348206,-0.025870997458696365,0.041425999253988266,0,0.04281799867749214,0.8718580007553101,-0.4878830015659332,0,-0.023496001958847046,0.4890739917755127,0.8719260096549988,0,0,41.27989959716797,0,1,0.9866679906845093,-0.13818199932575226,-0.08598099648952484,0,0.13137100636959076,0.3643819987773895,0.9219369888305664,0,-0.09606599807739258,-0.9209409952163696,0.37767699360847473,0,0,34.82059860229492,0,1,0.9992349743843079,0.0010449998080730438,-0.03908799961209297,0,0.020702999085187912,0.8338940143585205,0.5515360236167908,0,0.03317100182175636,-0.5519229769706726,0.8332350254058838,0,0,19.62350082397461,0,1,-0.983260989189148,-0.05282999947667122,0.1743759959936142,0,0.053989000618457794,-0.9985399842262268,0.0019050044938921928,0,0.17402100563049316,0.011287004686892033,0.9846770167350769,0,-9.285400390625,-6.101399898529053,0.47699999809265137,1,0.9780439734458923,0.08650700002908707,-0.1895969957113266,0,-0.158268004655838,0.9001979827880859,-0.40570199489593506,0,0.1355780065059662,0.42680099606513977,0.8941249847412109,0,0,41.30070114135742,0,1,0.9345729947090149,0.05481300503015518,-0.3515250086784363,0,0.31477999687194824,0.333050012588501,0.8888139724731445,0,0.1657940000295639,-0.9413149952888489,0.29400599002838135,0,0,34.73809814453125,0,1,0.999783992767334,0,0.02076300047338009,0,-0.01181699987500906,0.8222450017929077,0.5690119862556458,0,-0.017071999609470367,-0.569133996963501,0.8220670223236084,0,0,18.669599533081055,0,1
