0.967,30,29,65
B0,mixamorig_Hips,-1,0.9952868223190308,0.06960893422365189,0.06619499623775482,0,-0.07007136195898056,0.9974576830863953,0.004324547480791807,0,-0.06578191369771957,-0.008872113190591335,0.9977676272392273,0,4.034597873687744,88.85578918457031,2.673814535140991,1
B1,mixamorig_Spine,0,0.9997786283493042,-0.0055981045588850975,-0.019283169880509377,0,0.004619903396815062,0.9987378716468811,-0.049223367124795914,0,0.01949729584157467,0.04914223775267601,0.9985707402229309,0,0,10.96969985961914,-0.9217000007629395,1
B2,mixamorig_Spine1,1,0.9988629817962646,-0.02512035332620144,-0.04018116369843483,0,0.025861652567982674,0.99950110912323,0.018018333241343498,0,0.03970974683761597,-0.01902731880545616,0.9990186095237732,0,0,12.843099594116211,0,1
B3,mixamorig_Spine2,2,0.9985876679420471,-0.035655390471220016,-0.03899490460753441,0,0.0332728736102581,0.9976308345794678,-0.06016385182738304,0,0.04104914516210556,0.058793406933546066,0.9974128007888794,0,0,14.677800178527832,0,1
B4,mixamorig_Neck,3,0.9990580677986145,-0.042865559458732605,0.005948605481535196,0,0.04284084960818291,0.9990680813789368,0.0037076587323099375,0,-0.006095692049711943,-0.0034527687821537256,0.9999719858169556,0,0,16.512500762939453,0,1
B5,mixamorig_Head,4,0.9991933107376099,-0.014602720737457275,0.037243712693452835,0,0.014321760274469852,0.9998447299003601,0.007566138170659542,0,-0.037369150668382645,-0.007022045087069273,0.9992571473121643,0,0,7.061100006103516,2.2988998889923096,1
B6,mixamorig_HeadTop_End,5,1,0,0,0,0,1,0,0,0,0,1,0,0,18.930400848388672,6.163300037384033,1
B7,mixamorig_LeftShoulder,3,0.12419982254505157,0.11040942370891571,-0.9860903024673462,0,0.8880183696746826,-0.45552656054496765,0.06085383519530296,0,-0.4424726068973541,-0.8832268118858337,-0.1546678990125656,0,6.916900157928467,14.057100296020508,-0.22190000116825104,1
B8,mixamorig_LeftArm,7,0.783621072769165,-0.5791841149330139,-0.22232529520988464,0,0.5220856070518494,0.4227583408355713,0.7402129173278809,0,-0.33492136001586914,-0.6961080431938171,0.6345023512840271,0,0,14.531800270080566,0,1
B9,mixamorig_LeftForeArm,8,0.8887045979499817,0.45824891328811646,0.012617748230695724,0,-0.458367258310318,0.8878346085548401,0.039956845343112946,0,0.007112347055226564,-0.041293591260910034,0.9991214275360107,0,0,21.02669906616211,0,1
B10,mixamorig_LeftHand,9,0.7371739745140076,-0.029470015317201614,-0.6748398542404175,0,0.3020106554031372,0.907941997051239,0.29027947783470154,0,0.6042298674583435,-0.41799890995025635,0.6782708764076233,0,0,30.839000701904297,0,1
B11,mixamorig_LeftHandThumb1,10,0.6414209008216858,0.26718974113464355,-0.7191509008407593,0,-0.3870885670185089,0.9220303893089294,-0.002682196209207177,0,0.6623740792274475,0.2800992429256439,0.6948379278182983,0,-3.84660005569458,2.9021999835968018,1.282099962234497,1
B12,mixamorig_LeftHandThumb2,11,0.9052022099494934,-0.3065965175628662,0.2940806746482849,0,0.23185472190380096,0.9366177320480347,0.2625930607318878,0,-0.3559492528438568,-0.16952870786190033,0.9189140796661377,0,-0.2102999985218048,3.9835000038146973,0,1
B13,mixamorig_LeftHandThumb3,12,0.9255355596542358,0.30551275610923767,-0.22301408648490906,0,-0.2919961214065552,0.9518219232559204,0.09248147904872894,0,0.24043463170528412,-0.020359588786959648,0.970353901386261,0,0.06719999760389328,4.81279993057251,0,1
B14,mixamorig_LeftHandThumb4,13,1,0,0,0,0,1,0,0,0,0,1,0,0.14309999346733093,4.133600234985352,0,1
B15,mixamorig_LeftHandIndex1,10,0.9833905696868896,0.07236671447753906,-0.16644074022769928,0,-0.06727682799100876,0.996416449546814,0.03615845739841461,0,0.16845329105854034,-0.024360695853829384,0.984736442565918,0,-4.320300102233887,10.638199806213379,-0.5629000067710876,1
B16,mixamorig_LeftHandIndex2,15,0.9976362586021423,-0.06823309510946274,-0.008124254643917084,0,0.06756170094013214,0.9524505734443665,0.2971026599407196,0,-0.012534122914075851,-0.29694944620132446,0.9548092484474182,0,0.04089999943971634,4.4268999099731445,0,1
B17,mixamorig_LeftHandIndex3,16,0.9999351501464844,-0.011379069648683071,-0.00011875147902173921,0,0.011354070156812668,0.9969406127929688,0.07730726152658463,0,-0.0007617808878421783,-0.07730425894260406,0.9970054030418396,0,-0.015300000086426735,4.056700229644775,0,1
B18,mixamorig_LeftHandIndex4,17,1,0,0,0,0,1,0,0,0,0,1,0,-0.025599999353289604,3.1916000843048096,0,1
B19,mixamorig_LeftHandMiddle1,10,0.9986082911491394,-0.051569025963544846,0.010988364927470684,0,0.04871280491352081,0.981827437877655,0.1819768100976944,0,-0.020184656605124474,-0.18118762969970703,0.982973575592041,0,-1.0824999809265137,10.619000434875488,-0.539900004863739,1
B20,mixamorig_LeftHandMiddle2,19,0.9961841702461243,-0.0856764167547226,-0.01663125492632389,0,0.08400867879390717,0.8896729350090027,0.44880378246307373,0,-0.023655183613300323,-0.4484888017177582,0.8934752345085144,0,0.01209999993443489,4.506899833679199,0,1
B21,mixamorig_LeftHandMiddle3,20,0.9991257786750793,-0.04131943732500076,-0.006339685991406441,0,0.041493985801935196,0.9618496894836426,0.2704131305217743,0,-0.005075591150671244,-0.27043959498405457,0.962723433971405,0,-0.012600000016391277,4.342400074005127,0,1
B22,mixamorig_LeftHandMiddle4,21,1,0,0,0,0,1,0,0,0,0,1,0,0.0005000000237487257,3.4516000747680664,0,1
B23,mixamorig_LeftHandRing1,10,0.9962606430053711,-0.08166235685348511,0.02818381041288376,0,0.05855051800608635,0.8780832290649414,0.47456642985343933,0,-0.06352420896291733,-0.471140593290329,0.8795812129974365,0,1.6396000385284424,10.316100120544434,-0.4749000072479248,1
B24,mixamorig_LeftHandRing2,23,0.9983301758766174,-0.05681978911161423,-0.010386087000370026,0,0.057410430163145065,0.9562957286834717,0.2867099344730377,0,-0.006359160412102938,-0.2868274748325348,0.9579611420631409,0,0,4.405700206756592,0,1
B25,mixamorig_LeftHandRing3,24,0.9992882609367371,-0.03710397705435753,-0.006788612809032202,0,0.03770116716623306,0.976824939250946,0.21069195866584778,0,-0.0011864962289109826,-0.21079851686954498,0.9775286912918091,0,0,4.156300067901611,0,1
B26,mixamorig_LeftHandRing4,25,1,0,0,0,0,1,0,0,0,0,1,0,0,3.3340001106262207,0,1
B27,mixamorig_LeftHandPinky1,10,0.9821925163269043,-0.18483451008796692,0.0332038588821888,0,0.15524183213710785,0.8984861373901367,0.41026514768600464,0,-0.10575609654188156,-0.3978085219860077,0.9111998081207275,0,3.763200044631958,8.75879955291748,-0.7164999842643738,1
B28,mixamorig_LeftHandPinky2,27,0.996130108833313,-0.08605227619409561,-0.01785757578909397,0,0.08394601196050644,0.8714762330055237,0.4831947982311249,0,-0.0260185357183218,-0.4828239977359772,0.8753280639648438,0,-0.03189999982714653,4.531199932098389,0,1
B29,mixamorig_LeftHandPinky3,28,0.9983759522438049,-0.056927043944597244,-0.0021501376759260893,0,0.05677666515111923,0.9912313222885132,0.11929686367511749,0,-0.004661487881094217,-0.11922577023506165,0.9928538799285889,0,0.043699998408555984,3.826900005340576,0,1
B30,mixamorig_LeftHandPinky4,29,1,0,0,0,0,1,0,0,0,0,1,0,-0.011699999682605267,2.7146999835968018,0,1
B31,mixamorig_RightShoulder,3,0.15209613740444183,0.007211183663457632,0.9883392453193665,0,-0.9408637285232544,-0.3052174150943756,0.14701753854751587,0,0.30271807312965393,-0.9522541165351868,-0.03963647410273552,0,-6.916900157928467,14.054499626159668,-0.19089999794960022,1
B32,mixamorig_RightArm,31,0.9643754959106445,-0.24013157188892365,0.11043018102645874,0,0.06376699358224869,0.6167473196983337,0.7844765186309814,0,-0.2564423978328705,-0.74956214427948,0.6101917028427124,0,0,14.531800270080566,0,1
B33,mixamorig_RightForeArm,32,0.6934188604354858,-0.7196479439735413,-0.02910402975976467,0,0.7198405861854553,0.6911344528198242,0.0610617958009243,0,-0.023864571005105972,-0.06329162418842316,0.9977082014083862,0,0,21.02989959716797,0,1
B34,mixamorig_RightHand,33,0.956074059009552,-0.07871340960264206,0.28217580914497375,0,0.10633640736341476,0.9906817674636841,-0.08354518562555313,0,-0.2728821039199829,0.10992845147848129,0.9556032419204712,0,0,30.839500427246094,0,1
B35,mixamorig_RightHandThumb1,34,0.7556769251823425,-0.5010240077972412,0.42168012261390686,0,0.41094735264778137,0.8641178011894226,0.2901673913002014,0,-0.5097436904907227,-0.04607730358839035,0.8590096831321716,0,3.766700029373169,2.899199962615967,1.277899980545044,1
B36,mixamorig_RightHandThumb2,35,0.9815025329589844,0.18673111498355865,0.041256532073020935,0,-0.17695939540863037,0.968681812286377,-0.1738622933626175,0,-0.07238612323999405,0.1633962094783783,0.9838722348213196,0,0.27950000762939453,3.9277000427246094,0,1
B37,mixamorig_RightHandThumb3,36,0.9074513912200928,-0.3891009986400604,-0.1585227996110916,0,0.38712891936302185,0.9209533929824829,-0.04443182423710823,0,0.16328099370002747,-0.02104858122766018,0.9863550662994385,0,0.12520000338554382,4.745800018310547,0,1
B38,mixamorig_RightHandThumb4,37,1,0,0,0,0,1,0,0,0,0,1,0,-0.40470001101493835,4.166999816894531,0,1
B39,mixamorig_RightHandIndex1,34,0.989721953868866,-0.13584499061107635,-0.04458161070942879,0,0.14286459982395172,0.9531316757202148,0.26607057452201843,0,0.006353448145091534,-0.2697050869464874,0.9627425670623779,0,4.246799945831299,10.747300148010254,-0.6026999950408936,1
B40,mixamorig_RightHandIndex2,39,0.9951440095901489,0.0963413268327713,0.020154407247900963,0,-0.09502390772104263,0.8870072364807129,0.451865017414093,0,0.025657348334789276,-0.4515862762928009,0.8918551802635193,0,-0.03269999846816063,4.414000034332275,0,1
B41,mixamorig_RightHandIndex3,40,0.9998413324356079,0.017827454954385757,-0.00023819056514184922,0,-0.01690422184765339,0.9521435499191284,0.30517247319221497,0,0.005667845718562603,-0.30512040853500366,0.9522932171821594,0,0.032499998807907104,4.0609002113342285,0,1
B42,mixamorig_RightHandIndex4,41,1,0,0,0,0,1,0,0,0,0,1,0,0.00019999999494757503,3.2941999435424805,0,1
B43,mixamorig_RightHandMiddle1,34,0.998413622379303,-0.029503943398594856,-0.04790421202778816,0,0.04898962005972862,0.8749412298202515,0.4813821613788605,0,0.027730368077754974,-0.4829644560813904,0.8749999403953552,0,1.1612999439239502,10.571100234985352,-0.3873000144958496,1
B44,mixamorig_RightHandMiddle2,43,0.9919925332069397,0.12114980816841125,0.03568306565284729,0,-0.1171576976776123,0.7772124409675598,0.6182312965393066,0,0.0471661202609539,-0.6174613237380981,0.7851822972297668,0,-0.027899999171495438,4.389599800109863,0,1
B45,mixamorig_RightHandMiddle3,44,0.9963202476501465,0.08213327080011368,0.024501027539372444,0,-0.08285029232501984,0.8496725559234619,0.520756185054779,0,0.021954625844955444,-0.5208702683448792,0.8533508777618408,0,0.01769999973475933,4.4207000732421875,0,1
B46,mixamorig_RightHandMiddle4,45,1,0,0,0,0,1,0,0,0,0,1,0,0.010200000368058681,3.6033999919891357,0,1
B47,mixamorig_RightHandRing1,34,0.9946338534355164,0.10043514519929886,-0.02478855662047863,0,-0.054346416145563126,0.7111978530883789,0.7007470726966858,0,0.08799165487289429,-0.6956427693367004,0.7128408551216125,0,-1.6562999486923218,10.18340015411377,-0.5899999737739563,1
B48,mixamorig_RightHandRing2,47,0.9962114691734314,0.08449067920446396,0.02058306522667408,0,-0.08565569669008255,0.9125039577484131,0.3999982178211212,0,0.015013925731182098,-0.4002458453178406,0.9162845015525818,0,0,4.605899810791016,0,1
B49,mixamorig_RightHandRing3,48,0.9992728233337402,0.037933457642793655,0.003843269543722272,0,-0.036908529698848724,0.9371132254600525,0.34706807136535645,0,0.009563861414790154,-0.3469575345516205,0.9378318786621094,0,-0.0005000000237487257,4.152100086212158,0,1
B50,mixamorig_RightHandRing4,49,1,0,0,0,0,1,0,0,0,0,1,0,0.0005000000237487257,3.47760009765625,0,1
B51,mixamorig_RightHandPinky1,34,0.9849348068237305,0.1668514907360077,-0.045319993048906326,0,-0.07589896768331528,0.6527448892593384,0.7536059617996216,0,0.15527699887752533,-0.7388289570808411,0.6555833220481873,0,-3.751800060272217,9.00510025024414,-0.762499988079071,1
B52,mixamorig_RightHandPinky2,51,0.9828417897224426,0.17270095646381378,0.06478085368871689,0,-0.16483084857463837,0.6647222638130188,0.7286802530288696,0,0.08278240263462067,-0.726854681968689,0.6817834973335266,0,0.016599999740719795,4.50439977645874,0,1
B53,mixamorig_RightHandPinky3,52,0.983783483505249,0.1743921935558319,0.04192264378070831,0,-0.15773464739322662,0.7299367785453796,0.6650657653808594,0,0.08538118749856949,-0.6608927845954895,0.745607316493988,0,-0.061400000005960464,3.67549991607666,0,1
B54,mixamorig_RightHandPinky4,53,1,0,0,0,0,1,0,0,0,0,1,0,0.04479999840259552,2.9488000869750977,0,1
B55,mixamorig_LeftUpLeg,0,-0.9932509064674377,0.1109226867556572,0.027756912633776665,0,-0.08751332759857178,-0.892570972442627,0.4408922493457794,0,0.07313141226768494,0.43561920523643494,0.8966277837753296,0,9.285400390625,-6.101399898529053,0.09839999675750732,1
B56,mixamorig_LeftLeg,55,0.9967408776283264,-0.007968720048666,0.08027583360671997,0,0.03810271620750427,0.9233905673027039,-0.3814893960952759,0,-0.07107909023761749,0.3833043575286865,0.9206854104995728,0,0,41.27989959716797,0,1
B57,mixamorig_LeftFoot,56,0.9936198592185974,0.031816136091947556,-0.10562450438737869,0,0.06555754691362381,0.6063575148582458,0.7912167906761169,0,0.08977682143449783,-0.7930484414100647,0.6006330251693726,0,0,34.82059860229492,0,1
B58,mixamorig_LeftToeBase,57,0.998725414276123,0.009760461747646332,-0.04854723811149597,0,0.02413647063076496,0.7680408358573914,0.6348702907562256,0,0.043542228639125824,-0.6352274417877197,0.766828715801239,0,0,19.62350082397461,0,1
B59,mixamorig_LeftToe_End,58,1,0,0,0,0,1,0,0,0,0,1,0,0,7.278200149536133,0,1
B60,mixamorig_RightUpLeg,0,-0.9762169718742371,0.14751353859901428,-0.1570672243833542,0,-0.11945971846580505,-0.9766810536384583,-0.1687125563621521,0,-0.17747707664966583,-0.14639051258563995,0.9714377522468567,0,-9.285400390625,-6.101399898529053,0.47699999809265137,1
B61,mixamorig_RightLeg,60,0.9895195364952087,0.005308681633323431,0.1430990993976593,0,0.094086192548275,0.7237500548362732,-0.6762490272521973,0,-0.1090007945895195,0.6828258037567139,0.7156720757484436,0,0,41.30070114135742,0,1
B62,mixamorig_RightFoot,61,0.9681743383407593,0.238876610994339,0.06727761775255203,0,-0.2241644263267517,0.7087678909301758,0.6608862280845642,0,0.10946603119373322,-0.6549786329269409,0.7398878931999207,0,0,34.73809814453125,0,1
B63,mixamorig_RightToeBase,62,0.9853615760803223,-0.119802325963974,0.12035393714904785,0,-0.09349347651004791,0.21500036120414734,0.9666721224784851,0,-0.1415979415178299,-0.9637884497642517,0.20065084099769592,0,0,18.669599533081055,0,1
B64,mixamorig_RightToe_End,63,1,0,0,0,0,1,0,0,0,0,1,0,0,7.23769998550415,0,1
@52,0,1,2,3,4,5,7,8,9,10,11,12,13,15,16,17,19,20,21,23,24,25,27,28,29,31,32,33,34,35,36,37,39,40,41,43,44,45,47,48,49,51,52,53,55,56,57,58,60,61,62,63
K0.000,0.9823020100593567,-0.07140599936246872,-0.1731570065021515,0,0.069473996758461,0.997435986995697,-0.01719599962234497,0,0.1739410012960434,0.004861999768763781,0.9847440123558044,0,0.19169799983501434,91.87598419189453,-0.39625099301338196,1,0.9986900091171265,0.04898799955844879,0.014755000360310078,0,-0.04838300123810768,0.998071014881134,-0.03889499977231026,0,-0.016631999984383583,0.03813000023365021,0.9991340041160583,0,0,10.96969985961914,-0.9217000007629395,1,0.9991000294685364,0.010197999887168407,0.04116399958729744,0,-0.011371999979019165,0.9995329976081848,0.028372999280691147,0,-0.04085500165820122,-0.028814999386668205,0.9987490177154541,0,0,12.843099594116211,0,1,0.9991949796676636,0.0030869999900460243,0.03999299928545952,0,-0.0010400000028312206,0.998691976070404,-0.051114000380039215,0,-0.040098998695611954,0.05103199928998947,0.9978920221328735,0,0,14.677800178527832,0,1,0.9996510148048401,-0.017669999971985817,0.019651999697089195,0,0.017169000580906868,0.999530017375946,0.025384999811649323,0,-0.02009199932217598,-0.02503800019621849,0.9994850158691406,0,0,16.512500762939453,0,1,0.9977390170097351,0.006990999914705753,0.06684999912977219,0,-0.005402000155299902,0.9996989965438843,-0.023910999298095703,0,-0.0669969990849495,0.023496000096201897,0.9974759817123413,0,0,7.061100006103516,2.2988998889923096,1,0.3322559893131256,0.1289529949426651,-0.9343330264091492,0,0.9030609726905823,-0.3293690085411072,0.27567699551582336,0,-0.27219098806381226,-0.9353539943695068,-0.2258870005607605,0,6.916900157928467,14.057100296020508,-0.22190000116825104,1,0.9868559837341309,-0.15492300689220428,-0.04597799852490425,0,0.1205419972538948,0.5161979794502258,0.8479440212249756,0,-0.10763300210237503,-0.8423410058021545,0.5280879735946655,0,0,14.531800270080566,0,1,0.8073850274085999,0.5896959900856018,0.019706999883055687,0,-0.589847981929779,0.8058750033378601,0.05141900107264519,0,0.014440000057220459,-0.05313900113105774,0.9984830021858215,0,0,21.02669906616211,0,1,0.8918089866638184,0.24685299396514893,-0.3791309893131256,0,-0.23974700272083282,0.9685429930686951,0.06667699664831161,0,0.38366401195526123,0.03143199905753136,0.9229379892349243,0,0,30.839000701904297,0,1,0.6601880192756653,0.3153519928455353,-0.6816920042037964,0,-0.25113898515701294,0.9480339884757996,0.19534599781036377,0,0.7078700065612793,0.04223399981856346,0.7050790190696716,0,-3.84660005569458,2.9021999835968018,1.282099962234497,1,0.9256359934806824,-0.09286800026893616,0.36684200167655945,0,0.04532799869775772,0.9896489977836609,0.1361600011587143,0,-0.3756900131702423,-0.1094060018658638,0.9202650189399719,0,-0.2102999985218048,3.9835000038146973,0,1,0.9704740047454834,0.14830300211906433,-0.19022999703884125,0,-0.13683700561523438,0.9879639744758606,0.07213100045919418,0,0.198636993765831,-0.04396999999880791,0.9790859818458557,0,0.06719999760389328,4.81279993057251,0,1,0.9986019730567932,0.0526139996945858,0.005156000144779682,0,-0.05159499868750572,0.9912009835243225,-0.12189599871635437,0,-0.011524000205099583,0.12145999819040298,0.9925289750099182,0,-4.320300102233887,10.638199806213379,-0.5629000067710876,1,0.9977329969406128,-0.0668649971485138,-0.007664000149816275,0,0.06624600291252136,0.9555690288543701,0.287227988243103,0,-0.011881000362336636,-0.28708401322364807,0.9578319787979126,0,0.04089999943971634,4.4268999099731445,0,1,0.9999510049819946,-0.009933000430464745,0.00003099999958067201,0,0.009909000247716904,0.997704029083252,0.06699500232934952,0,-0.0006960000027902424,-0.06699100136756897,0.9977530241012573,0,-0.015300000086426735,4.056700229644775,0,1,0.9990699887275696,-0.041349999606609344,0.01218200009316206,0,0.03744399920105934,0.9724540114402771,0.23006799817085266,0,-0.021359000355005264,-0.2293979972600937,0.9730979800224304,0,-1.0824999809265137,10.619000434875488,-0.539900004863739,1,0.9961429834365845,-0.08611200004816055,-0.01685599982738495,0,0.08441799879074097,0.8881210088729858,0.451788991689682,0,-0.023934999480843544,-0.4514699876308441,0.8919649720191956,0,0.01209999993443489,4.506899833679199,0,1,0.9991059899330139,-0.041770000010728836,-0.006477000191807747,0,0.04194800183176994,0.9609569907188416,0.2734990119934082,0,-0.005200000014156103,-0.27352601289749146,0.9618499875068665,0,-0.012600000016391277,4.342400074005127,0,1,0.9963529706001282,-0.08030399680137634,0.02885499969124794,0,0.05386300012469292,0.8541449904441833,0.517238974571228,0,-0.06618300080299377,-0.5137979984283447,0.8553550243377686,0,1.6396000385284424,10.316100120544434,-0.4749000072479248,1,0.9982799887657166,-0.05763699859380722,-0.010683000087738037,0,0.058246999979019165,0.9548389911651611,0.2913599908351898,0,-0.006591999903321266,-0.29148098826408386,0.9565539956092834,0,0,4.405700206756592,0,1,0.9992550015449524,-0.03793799877166748,-0.007019000127911568,0,0.03855999931693077,0.9757559895515442,0.21544000506401062,0,-0.001323999953456223,-0.2155500054359436,0.9764919877052307,0,0,4.156300067901611,0,1,0.9801710247993469,-0.19701999425888062,0.021189000457525253,0,0.1656769961118698,0.8734769821166992,0.4578090012073517,0,-0.10870599746704102,-0.4452199935913086,0.8887979984283447,0,3.763200044631958,8.75879955291748,-0.7164999842643738,1,0.9962440133094788,-0.0848350003361702,-0.017326999455690384,0,0.08278100192546844,0.8745200037956238,0.4778729975223541,0,-0.025388000532984734,-0.47751298546791077,0.8782579898834229,0,-0.03189999982714653,4.531199932098389,0,1,0.998449981212616,-0.05561399832367897,-0.0019290000200271606,0,0.05547500029206276,0.9920169711112976,0.11324500292539597,0,-0.004383999854326248,-0.11317600309848785,0.993565022945404,0,0.043699998408555984,3.826900005340576,0,1,0.058107998222112656,0.012790000066161156,0.9982280135154724,0,-0.9129449725151062,-0.40389400720596313,0.05831899866461754,0,0.40392500162124634,-0.9147160053253174,-0.011792999692261219,0,-6.916900157928467,14.054499626159668,-0.19089999794960022,1,0.8975890278816223,0.23326000571250916,0.37406298518180847,0,-0.43950900435447693,0.5392259955406189,0.7183780074119568,0,-0.03413499891757965,-0.8092129826545715,0.5865229964256287,0,0,14.531800270080566,0,1,0.8443909883499146,-0.5354800224304199,-0.016296999529004097,0,0.5356230139732361,0.8432340025901794,0.04543500021100044,0,-0.010587000288069248,-0.04709399864077568,0.9988340139389038,0,0,21.02989959716797,0,1,0.8750889897346497,-0.034596998244524,0.48272499442100525,0,-0.023781999945640564,0.9931619763374329,0.11429300159215927,0,-0.48337799310684204,-0.11149699985980988,0.8682820200920105,0,0,30.839500427246094,0,1,0.8228970170021057,-0.36363598704338074,0.43658900260925293,0,0.30051401257514954,0.9306579828262329,0.20872899889945984,0,-0.4822160005569458,-0.0405610017478466,0.8751130104064941,0,3.766700029373169,2.899199962615967,1.277899980545044,1,0.9812949895858765,0.13839000463485718,0.13381999731063843,0,-0.11680400371551514,0.9805799722671509,-0.15754400193691254,0,-0.15302400290966034,0.13896700739860535,0.9784029722213745,0,0.27950000762939453,3.9277000427246094,0,1,0.915058970451355,-0.36535701155662537,-0.17082299292087555,0,0.3647319972515106,0.9304090142250061,-0.03617599979043007,0,0.17215299606323242,-0.029201000928878784,0.9846370220184326,0,0.12520000338554382,4.745800018310547,0,1,0.9921910166740417,-0.12219700217247009,-0.02501000091433525,0,0.12458299845457077,0.9806299805641174,0.1511400043964386,0,0.006056999787688255,-0.15307599306106567,0.9881960153579712,0,4.246799945831299,10.747300148010254,-0.6026999950408936,1,0.9952380061149597,0.09547600150108337,0.01965700089931488,0,-0.09419699758291245,0.8900910019874573,0.4459429979324341,0,0.02507999911904335,-0.4456709921360016,0.8948460221290588,0,-0.03269999846816063,4.414000034332275,0,1,0.999858021736145,0.016824999824166298,-0.0004070000140927732,0,-0.01593399979174137,0.9541720151901245,0.2988330125808716,0,0.005415999796241522,-0.2987839877605438,0.9543049931526184,0,0.032499998807907104,4.0609002113342285,0,1,0.9988319873809814,0.04796700179576874,-0.005747999995946884,0,-0.042890001088380814,0.9352260231971741,0.3514449894428253,0,0.02223300002515316,-0.3507879972457886,0.9361910223960876,0,1.1612999439239502,10.571100234985352,-0.3873000144958496,1,0.9921960234642029,0.11979199945926666,0.03458600118756294,0,-0.11593600362539291,0.7842990159988403,0.6094539761543274,0,0.045882001519203186,-0.6087080240249634,0.7920669913291931,0,-0.027899999171495438,4.389599800109863,0,1,0.9964560270309448,0.08072999864816666,0.023614000529050827,0,-0.08141999691724777,0.8552950024604797,0.5117049813270569,0,0.021113000810146332,-0.5118139982223511,0.8588370084762573,0,0.01769999973475933,4.4207000732421875,0,1,0.9943739771842957,0.10405299812555313,-0.019814999774098396,0,-0.0694039985537529,0.7813569903373718,0.620212972164154,0,0.08001799881458282,-0.6153479814529419,0.7841830253601074,0,-1.6562999486923218,10.18340015411377,-0.5899999737739563,1,0.9962729811668396,0.08384300023317337,0.020261000841856003,0,-0.08498799800872803,0.9140229821205139,0.3966600000858307,0,0.014737999998033047,-0.39690399169921875,0.9177420139312744,0,0,4.605899810791016,0,1,0.9993000030517578,0.03723200038075447,0.0036720000207424164,0,-0.03622499853372574,0.9383860230445862,0.34368500113487244,0,0.009349999949336052,-0.3435780107975006,0.9390779733657837,0,-0.0005000000237487257,4.152100086212158,0,1,0.9832800030708313,0.1785620003938675,-0.03573000058531761,0,-0.10866499692201614,0.7327920198440552,0.671720027923584,0,0.14612600207328796,-0.6566060185432434,0.7399430274963379,0,-3.751800060272217,9.00510025024414,-0.762499988079071,1,0.982375979423523,0.17466199398040771,0.06656000018119812,0,-0.16659200191497803,0.6566939949989319,0.735526978969574,0,0.08475899696350098,-0.7336530089378357,0.6742179989814758,0,0.016599999740719795,4.50439977645874,0,1,0.9833199977874756,0.1766040027141571,0.0434969998896122,0,-0.1595190018415451,0.7225059866905212,0.6727100014686584,0,0.08737699687480927,-0.6684280037879944,0.7386260032653809,0,-0.061400000005960464,3.67549991607666,0,1,-0.997107982635498,-0.07483399659395218,0.013209999538958073,0,0.07456599920988083,-0.9299970269203186,0.3599250018596649,0,-0.014649000018835068,0.35986998677253723,0.9328879714012146,0,9.285400390625,-6.101399898529053,0.09839999675750732,1,0.9962900280952454,0.053043000400066376,-0.06777500361204147,0,-0.08282099664211273,0.37674498558044434,-0.9226070046424866,0,-0.02340400032699108,0.924796998500824,0.37974101305007935,0,0,41.27989959716797,0,1,0.9950219988822937,-0.02459299936890602,-0.09657499939203262,0,0.09555000066757202,0.5107560157775879,0.8543999791145325,0,0.028313999995589256,-0.8593739867210388,0.5105630159378052,0,0,34.82059860229492,0,1,0.9992210268974304,-0.03447899967432022,0.01920199953019619,0,0.007943999953567982,0.6523069739341736,0.7579129934310913,0,-0.03865699842572212,-0.7571700215339661,0.6520730257034302,0,0,19.62350082397461,0,1,-0.9664959907531738,-0.16712899506092072,-0.19481399655342102,0,0.1485079973936081,-0.9831420183181763,0.10666199773550034,0,-0.20935599505901337,0.0741569995880127,0.9750239849090576,0,-9.285400390625,-6.101399898529053,0.47699999809265137,1,0.9994310140609741,0.020030999556183815,0.027150999754667282,0,-0.012411000207066536,0.9665369987487793,-0.2562269866466522,0,-0.03137499839067459,0.25574401021003723,0.9662349820137024,0,0,41.30070114135742,0,1,0.9954490065574646,-0.0947280004620552,0.010420000180602074,0,0.033913999795913696,0.45430999994277954,0.8901979923248291,0,-0.08906000107526779,-0.8857929706573486,0.4554539918899536,0,0,34.73809814453125,0,1,0.9996680021286011,-0.0033130000811070204,0.025567999109625816,0,-0.012914000079035759,0.7939620018005371,0.6078299880027771,0,-0.022314000874757767,-0.6079580187797546,0.7936549782752991,0,0,18.669599533081055,0,1
K0.033,0.9877230525016785,-0.0521538071334362,-0.14724959433078766,0,0.05288182199001312,0.9986000061035156,0.001032195403240621,0,0.1469895839691162,-0.008807153441011906,0.9890990853309631,0,0.430678129196167,92.15151977539062,-0.6230780482292175,1,0.9991899728775024,0.03979690372943878,0.005997903645038605,0,-0.039485905319452286,0.9981949925422668,-0.0452570766210556,0,-0.007787901908159256,0.044984083622694016,0.9989569783210754,0,0,10.96969985961914,-0.9217000007629395,1,0.999750018119812,0.002609970746561885,0.02221778966486454,0,-0.0031199657823890448,0.9997320175170898,0.02295897714793682,0,-0.02215179055929184,-0.02302197739481926,0.9994890093803406,0,0,12.843099594116211,0,1,0.999754011631012,-0.005548038985580206,0.021484794095158577,0,0.006744027603417635,0.9984080195426941,-0.056007020175457,0,-0.02113979123532772,0.056138016283512115,0.9981989860534668,0,0,14.677800178527832,0,1,0.9996569752693176,-0.013519061729311943,0.022419989109039307,0,0.012774062342941761,0.9993720054626465,0.03306496515870094,0,-0.022851990535855293,-0.03276796638965607,0.9992020130157471,0,0,16.512500762939453,0,1,0.9971330165863037,0.01523201260715723,0.07411704212427139,0,-0.014698020182549953,0.999862015247345,-0.007744906470179558,0,-0.0742250457406044,0.00663390476256609,0.9972190260887146,0,0,7.061100006103516,2.2988998889923096,1,0.3327977955341339,0.12624292075634003,-0.9345100522041321,0,0.8994629383087158,-0.3401283025741577,0.2743697464466095,0,-0.28321534395217896,-0.9318668842315674,-0.22674494981765747,0,6.916900157928467,14.057100296020508,-0.22190000116825104,1,0.9711917638778687,-0.22712285816669464,-0.07212026417255402,0,0.1768016815185547,0.4838499128818512,0.8571058511734009,0,-0.159773588180542,-0.8451647758483887,0.5100671648979187,0,0,14.531800270080566,0,1,0.8427980542182922,0.5379728674888611,0.016618994995951653,0,-0.5381118655204773,0.8415670394897461,0.046908993273973465,0,0.011248994618654251,-0.04847799241542816,0.998760998249054,0,0,21.02669906616211,0,1,0.8717271685600281,0.15801630914211273,-0.463813453912735,0,-0.07965295761823654,0.979681670665741,0.18406015634536743,0,0.4834741950035095,-0.12350589036941528,0.8666017055511475,0,0,30.839000701904297,0,1,0.6658870577812195,0.28405964374542236,-0.689858078956604,0,-0.26640915870666504,0.9542490243911743,0.13577435910701752,0,0.696864902973175,0.09337354451417923,0.7110990285873413,0,-3.84660005569458,2.9021999835968018,1.282099962234497,1,0.9639441967010498,-0.016753805801272392,0.2655748724937439,0,-0.029719138517975807,0.9849938154220581,0.17001183331012726,0,-0.26443806290626526,-0.17177468538284302,0.9489810466766357,0,-0.2102999985218048,3.9835000038146973,0,1,0.927739679813385,0.2846996784210205,-0.24133914709091187,0,-0.2757566571235657,0.9586167335510254,0.07080113142728806,0,0.2515081763267517,0.0008661096217110753,0.967854917049408,0,0.06719999760389328,4.81279993057251,0,1,0.9991220235824585,0.039625924080610275,-0.013580221682786942,0,-0.040420930832624435,0.997107982635498,-0.0643506869673729,0,0.010991236194968224,0.06484369188547134,0.9978349804878235,0,-4.320300102233887,10.638199806213379,-0.5629000067710876,1,0.9976999759674072,-0.0673379972577095,-0.007822001352906227,0,0.0667010024189949,0.9545029997825623,0.2906440198421478,0,-0.012106001377105713,-0.2904970347881317,0.9567989706993103,0,0.04089999943971634,4.4268999099731445,0,1,0.9999459981918335,-0.01043300237506628,-0.00001900031929835677,0,0.010408002883195877,0.997452974319458,0.07055801898241043,0,-0.0007170001044869423,-0.07055502384901047,0.9975079894065857,0,-0.015300000086426735,4.056700229644775,0,1,0.9980250000953674,-0.06247413903474808,0.006621960550546646,0,0.058693140745162964,0.964794933795929,0.25636810064315796,0,-0.022405004128813744,-0.2554730772972107,0.9665560126304626,0,-1.0824999809265137,10.619000434875488,-0.539900004863739,1,0.9961469769477844,-0.08606400340795517,-0.01683099940419197,0,0.08437400311231613,0.8882930278778076,0.45146098732948303,0,-0.023902999237179756,-0.45114099979400635,0.8921319842338562,0,0.01209999993443489,4.506899833679199,0,1,0.9991080164909363,-0.041728999465703964,-0.006463999859988689,0,0.041905999183654785,0.9610379934310913,0.2732209861278534,0,-0.00518900016322732,-0.27324798703193665,0.961929976940155,0,-0.012600000016391277,4.342400074005127,0,1,0.9957799911499023,-0.08846203982830048,0.024428976699709892,0,0.060987040400505066,0.8367729187011719,0.5441430807113647,0,-0.06857800483703613,-0.5403570532798767,0.8386369347572327,0,1.6396000385284424,10.316100120544434,-0.4749000072479248,1,0.9983109831809998,-0.05714499577879906,-0.01050299871712923,0,0.057742998003959656,0.9557200074195862,0.2885569930076599,0,-0.006450999528169632,-0.28867700695991516,0.9574049711227417,0,0,4.405700206756592,0,1,0.9992750287055969,-0.037432994693517685,-0.006878999527543783,0,0.03803899511694908,0.976406991481781,0.2125619798898697,0,-0.0012399996630847454,-0.2126699835062027,0.9771230220794678,0,0,4.156300067901611,0,1,0.9772599935531616,-0.21170802414417267,0.011903989128768444,0,0.18162603676319122,0.8647270202636719,0.4682520031929016,0,-0.10942699760198593,-0.45544201135635376,0.8835150003433228,0,3.763200044631958,8.75879955291748,-0.7164999842643738,1,0.9962499737739563,-0.08477099984884262,-0.017299000173807144,0,0.08271899819374084,0.8746790289878845,0.47759199142456055,0,-0.02535399980843067,-0.4772320091724396,0.8784120082855225,0,-0.03189999982714653,4.531199932098389,0,1,0.9984539747238159,-0.05554499849677086,-0.001918000285513699,0,0.05540600046515465,0.9920579791069031,0.11292500793933868,0,-0.004370000679045916,-0.11285700649023056,0.9936019778251648,0,0.043699998408555984,3.826900005340576,0,1,0.0636671632528305,0.012855996377766132,0.9978880286216736,0,-0.9118531346321106,-0.405591756105423,0.0634031593799591,0,0.4055507481098175,-0.9139640927314758,-0.014100048691034317,0,-6.916900157928467,14.054499626159668,-0.19089999794960022,1,0.9370613098144531,0.19926054775714874,0.28672417998313904,0,-0.3489130735397339,0.5655330419540405,0.7472832798957825,0,-0.013247823342680931,-0.8002920746803284,0.599463939666748,0,0,14.531800270080566,0,1,0.8360939621925354,-0.5483220815658569,-0.01700100302696228,0,0.548469066619873,0.8348749279975891,0.0465250089764595,0,-0.011317003518342972,-0.04822300747036934,0.9987720251083374,0,0,21.02989959716797,0,1,0.8673930764198303,-0.0021187684033066034,0.4976189434528351,0,-0.04654417932033539,0.9952620267868042,0.08536785840988159,0,-0.49544191360473633,-0.09720896929502487,0.8631840348243713,0,0,30.839500427246094,0,1,0.8237859606742859,-0.3659481108188629,0.4329650104045868,0,0.30597010254859924,0.9299589395523071,0.20385709404945374,0,-0.47724103927612305,-0.03546002507209778,0.8780570030212402,0,3.766700029373169,2.899199962615967,1.277899980545044,1,0.9819689989089966,0.14149901270866394,0.12535788118839264,0,-0.12126202136278152,0.9802020192146301,-0.15652604401111603,0,-0.14502489566802979,0.1385020613670349,0.9796860218048096,0,0.27950000762939453,3.9277000427246094,0,1,0.9138579964637756,-0.3692700266838074,-0.16882798075675964,0,0.36840903759002686,0.9289039969444275,-0.037566009908914566,0,0.17069698870182037,-0.027866989374160767,0.9849290251731873,0,0.12520000338554382,4.745800018310547,0,1,0.9914330244064331,-0.1279810667037964,-0.02612401358783245,0,0.13049206137657166,0.9793030023574829,0.15472005307674408,0,0.005782997235655785,-0.15680305659770966,0.9876130223274231,0,4.246799945831299,10.747300148010254,-0.6026999950408936,1,0.9952340126037598,0.09550999850034714,0.019676998257637024,0,-0.09423000365495682,0.8899710178375244,0.4461759924888611,0,0.025101998820900917,-0.4459039866924286,0.8947290182113647,0,-0.03269999846816063,4.414000034332275,0,1,0.999858021736145,0.016863998025655746,-0.0004000003100372851,0,-0.015971997752785683,0.9540939927101135,0.29908299446105957,0,0.005425999406725168,-0.2990339994430542,0.9542269706726074,0,0.032499998807907104,4.0609002113342285,0,1,0.9992640018463135,0.03709288313984871,-0.00980304554104805,0,-0.031050873920321465,0.9319589138031006,0.36123308539390564,0,0.02253500372171402,-0.3606621325016022,0.9324239492416382,0,1.1612999439239502,10.571100234985352,-0.3873000144958496,1,0.9921919703483582,0.11982099711894989,0.034609001129865646,0,-0.11596199870109558,0.784151017665863,0.6096389889717102,0,0.04590899869799614,-0.608892023563385,0.7919229865074158,0,-0.027899999171495438,4.389599800109863,0,1,0.9964540004730225,0.08075200021266937,0.023628000169992447,0,-0.08144199848175049,0.8552060127258301,0.5118489861488342,0,0.021126000210642815,-0.5119580030441284,0.8587499856948853,0,0.01769999973475933,4.4207000732421875,0,1,0.9943649768829346,0.10415300726890564,-0.019753996282815933,0,-0.06920800358057022,0.7789479494094849,0.6232580542564392,0,0.08030200749635696,-0.6183780431747437,0.781766951084137,0,-1.6562999486923218,10.18340015411377,-0.5899999737739563,1,0.9962570071220398,0.08400800079107285,0.020343001931905746,0,-0.08515799790620804,0.9136369824409485,0.39751100540161133,0,0.01480800099670887,-0.3977549970149994,0.9173719882965088,0,0,4.605899810791016,0,1,0.9992930293083191,0.037414003163576126,0.0037170005962252617,0,-0.036403004080057144,0.9380559921264648,0.3445659875869751,0,0.009405001066625118,-0.3444580137729645,0.9387549757957458,0,-0.0005000000237487257,4.152100086212158,0,1,0.9834280014038086,0.17768898606300354,-0.03598600625991821,0,-0.10684196650981903,0.7283859252929688,0.6767860651016235,0,0.14646899700164795,-0.6617260575294495,0.7352999448776245,0,-3.751800060272217,9.00510025024414,-0.762499988079071,1,0.9823489785194397,0.17477600276470184,0.06666599959135056,0,-0.1666949987411499,0.6562190055847168,0.7359269857406616,0,0.08487600088119507,-0.7340499758720398,0.673770010471344,0,0.016599999740719795,4.50439977645874,0,1,0.9832929968833923,0.17673200368881226,0.04358899965882301,0,-0.15962199866771698,0.7220709919929504,0.6731529831886292,0,0.08749300241470337,-0.6688640117645264,0.7382180094718933,0,-0.061400000005960464,3.67549991607666,0,1,-0.9994249939918518,-0.0325317420065403,-0.009571115486323833,0,0.024905703961849213,-0.8957207202911377,0.4439195394515991,0,-0.02301398664712906,0.44342654943466187,0.8960157036781311,0,9.285400390625,-6.101399898529053,0.09839999675750732,1,0.9957209825515747,0.08490108698606491,-0.03647959604859352,0,-0.07318983227014542,0.4836004376411438,-0.8722230195999146,0,-0.05641118809580803,0.8711609840393066,0.4877454340457916,0,0,41.27989959716797,0,1,0.9939020276069641,-0.055770013481378555,-0.09512199461460114,0,0.11016000062227249,0.4645199179649353,0.8786840438842773,0,-0.004818029701709747,-0.8838050365447998,0.4678308963775635,0,0,34.82059860229492,0,1,0.9998019933700562,-0.01041896641254425,-0.016982100903987885,0,0.01933801732957363,0.7125121355056763,0.7013936042785645,0,0.004792134743183851,-0.7015826106071472,0.7125721573829651,0,0,19.62350082397461,0,1,-0.967507004737854,-0.14578770101070404,-0.20658108592033386,0,0.1353967785835266,-0.9887440800666809,0.06365462392568588,0,-0.21353603899478912,0.03361567482352257,0.9763569831848145,0,-9.285400390625,-6.101399898529053,0.47699999809265137,1,0.9995930194854736,0.013095017522573471,0.025348177179694176,0,-0.006032961420714855,0.9653729200363159,-0.2608042061328888,0,-0.027886174619197845,0.26054519414901733,0.9650589227676392,0,0,41.30070114135742,0,1,0.9944299459457397,-0.09328905493021011,0.049042440950870514,0,-0.005570456385612488,0.4181514382362366,0.9083602428436279,0,-0.10524719953536987,-0.9035742282867432,0.4153023660182953,0,0,34.73809814453125,0,1,0.9996709823608398,-0.0032319962047040462,0.025454994291067123,0,-0.01288599893450737,0.7946560382843018,0.6069239377975464,0,-0.022189995273947716,-0.6070519685745239,0.7943520545959473,0,0,18.669599533081055,0,1
